score	label
6.7730994e-06	0.0
6.506125e-06	0.0
4.1903745e-06	0.0
1.023497e-06	0.0
0.08850163	0.0
9.388353e-06	0.0
1.4520377e-05	0.0
1.388884e-05	0.0
7.194518e-06	0.0
1.5225276e-06	0.0
0.00022253672	0.0
1.1892166e-05	0.0
7.53499e-07	0.0
0.007934018	0.0
0.00013074465	0.0
0.0003317558	0.0
7.942864e-06	0.0
1.2805596e-06	0.0
4.0646614e-07	0.0
0.0028509542	0.0
7.499716e-06	0.0
1.7306144e-06	0.0
4.110852e-06	0.0
0.0014550379	0.0
1.6010032e-05	0.0
5.153221e-05	0.0
6.032118e-07	0.0
0.00015103047	0.0
0.0001257086	0.0
2.3626178e-06	0.0
2.3552172e-06	0.0
8.0201266e-05	0.0
1.3394248e-05	0.0
9.815998e-05	0.0
1.8443154e-05	0.0
3.0005296e-05	0.0
0.0058825603	0.0
1.0003052e-05	0.0
0.00025344986	0.0
7.1358895e-06	0.0
0.06458515	0.0
0.024010357	0.0
2.0428126e-05	0.0
2.1213014e-05	0.0
4.4129632e-05	0.0
7.329902e-05	0.0
3.6565689e-06	0.0
5.783684e-07	0.0
0.00015063214	0.0
0.026775349	0.0
4.50327e-06	0.0
5.202684e-05	0.0
2.9361237e-05	0.0
3.212523e-06	0.0
3.131976e-05	0.0
0.00032718477	0.0
0.000301807	0.0
3.2103337e-05	0.0
0.0001603994	0.0
0.0006981967	0.0
8.004471e-06	0.0
0.00056740566	0.0
0.00773384	0.0
0.00029273302	0.0
0.005044836	0.0
1.6772234e-05	0.0
3.5490873e-06	0.0
1.2723447e-06	0.0
4.9553087e-06	0.0
0.00032241916	0.0
4.4066027e-07	0.0
3.2448977e-05	0.0
0.0069708684	0.0
1.6306902e-05	0.0
3.0734194e-05	0.0
1.7826329e-06	0.0
0.00035884054	0.0
1.4778559e-05	0.0
0.014013645	0.0
9.729936e-05	0.0
1.6237063e-06	0.0
5.4539367e-05	0.0
3.845891e-06	0.0
8.31914e-06	0.0
0.0020331838	0.0
0.00013740985	0.0
5.042073e-07	0.0
3.536058e-05	0.0
2.5295383e-06	0.0
8.4851075e-07	0.0
0.01788042	0.0
0.0026990508	0.0
0.0066994727	0.0
3.6678586e-05	0.0
2.1845646e-05	0.0
3.241998e-06	0.0
0.00010373984	0.0
8.638901e-07	0.0
1.0755549e-05	0.0
2.8172537e-05	0.0
2.6433393e-06	0.0
1.0609483e-05	0.0
0.00017062681	0.0
0.0024478768	0.0
6.372307e-05	0.0
2.8426055e-06	0.0
9.67502e-06	0.0
6.504191e-06	0.0
1.8184117e-05	0.0
0.0028794003	0.0
0.08124053	0.0
4.845054e-06	0.0
3.338365e-06	0.0
1.1400465e-05	0.0
0.00012112473	0.0
0.0009370083	0.0
7.2737735e-06	0.0
1.3656145e-06	0.0
5.6308287e-05	0.0
0.00038299354	0.0
3.2874294e-05	0.0
3.8390118e-07	0.0
2.1142632e-06	0.0
4.667421e-05	0.0
2.9627547e-06	0.0
1.1738939e-05	0.0
0.00026344028	0.0
1.6519786e-06	0.0
0.00065867626	0.0
0.039826177	0.0
1.9411758e-05	0.0
0.0022288372	0.0
4.6350756e-06	0.0
5.445608e-06	0.0
9.021005e-06	0.0
3.9236625e-07	0.0
4.509564e-07	0.0
0.00030927607	0.0
0.00019027274	0.0
0.00020281445	0.0
1.3917324e-06	0.0
1.8579273e-06	0.0
0.01345558	0.0
1.614597e-05	0.0
2.2986799e-06	0.0
2.8554587e-06	0.0
3.265697e-06	0.0
8.282251e-06	0.0
7.214891e-05	0.0
8.8233455e-06	0.0
1.8666454e-06	0.0
0.00021580854	0.0
6.816867e-05	0.0
5.1369207e-06	0.0
8.89323e-06	0.0
6.228614e-05	0.0
8.639823e-06	0.0
3.8679786e-06	0.0
0.00029872148	0.0
0.001814764	0.0
5.2338487e-06	0.0
0.4021895	0.0
3.4922946e-06	0.0
0.00020743498	0.0
7.717261e-06	0.0
3.3319484e-06	0.0
1.1706937e-06	0.0
2.193741e-05	0.0
2.9004566e-05	0.0
2.8453727e-05	0.0
2.2654038e-05	0.0
4.143693e-06	0.0
3.1944666e-05	0.0
0.0011470666	0.0
5.18961e-05	0.0
0.008791599	0.0
0.0014258943	0.0
0.025668075	0.0
0.00045896025	0.0
7.884499e-06	0.0
2.5555613e-05	0.0
0.038153633	0.0
5.762384e-06	0.0
9.765171e-06	0.0
3.85599e-06	0.0
0.1579648	0.0
8.295879e-06	0.0
2.6692771e-06	0.0
1.8148003e-06	0.0
1.7825712e-05	0.0
2.7962164e-06	0.0
3.3493863e-05	0.0
2.217891e-05	0.0
5.5897737e-05	0.0
2.5577518e-05	0.0
4.687348e-05	0.0
2.9747427e-05	0.0
0.11921187	0.0
2.8554368e-06	0.0
0.00013625681	0.0
3.1224415e-06	0.0
4.5992015e-06	0.0
0.00019878036	0.0
8.270343e-07	0.0
2.0504713e-05	0.0
0.00978928	0.0
7.058787e-07	0.0
0.0021155574	0.0
2.3094064e-05	0.0
0.0009012823	0.0
2.276582e-06	0.0
3.1163272e-05	0.0
0.08251202	0.0
1.0454057e-06	0.0
3.1052022e-07	0.0
0.00014850184	0.0
1.0988411e-05	0.0
0.00290254	0.0
7.074101e-05	0.0
1.4029337e-05	0.0
6.0862376e-06	0.0
8.715266e-06	0.0
8.931541e-06	0.0
6.2726244e-06	0.0
2.2015618e-05	0.0
0.00010521547	0.0
0.062722065	0.0
5.087563e-07	0.0
3.0873412e-05	0.0
8.595906e-06	0.0
8.82508e-05	0.0
1.202106e-05	0.0
6.362543e-07	0.0
1.6166392e-05	0.0
3.9369792e-05	0.0
7.3391175e-06	0.0
0.00021081195	0.0
3.895957e-07	0.0
4.6064357e-05	0.0
0.0032997304	0.0
7.6026568e-06	0.0
7.599528e-06	0.0
0.00030416079	0.0
6.663322e-07	0.0
1.687038e-05	0.0
3.8062244e-06	0.0
6.937186e-07	0.0
1.3800154e-07	0.0
1.241849e-06	0.0
4.587599e-06	0.0
2.2192296e-06	0.0
0.00057860557	0.0
6.7943643e-06	0.0
1.3139655e-06	0.0
2.2450301e-06	0.0
7.531322e-06	0.0
1.2315403e-06	0.0
3.4747254e-07	0.0
3.4511482e-05	0.0
0.0032383166	0.0
4.7703925e-05	0.0
3.217191e-05	0.0
2.7797456e-05	0.0
6.8692425e-06	0.0
0.0035262224	0.0
3.6084442e-05	0.0
2.2448573e-06	0.0
0.008275361	0.0
1.0326904e-05	0.0
6.597635e-07	0.0
1.2952495e-05	0.0
1.9110417e-05	0.0
4.380961e-06	0.0
4.161677e-06	0.0
0.00052641804	0.0
5.6395484e-06	0.0
1.4939014e-06	0.0
3.7925154e-05	0.0
0.0011068246	0.0
2.2812753e-06	0.0
6.865326e-05	0.0
6.8598674e-05	0.0
2.27363e-05	0.0
1.0052208e-06	0.0
7.5679577e-06	0.0
0.0045722155	0.0
0.00021918972	0.0
0.00031527923	0.0
0.63743335	0.0
0.26205006	0.0
0.6647377	0.0
0.00031281658	0.0
6.659206e-05	0.0
0.5565654	0.0
0.00022657313	0.0
5.565443e-05	0.0
0.19667795	0.0
8.758887e-07	0.0
1.3403823e-05	0.0
0.0225424	0.0
0.3729664	0.0
3.0478512e-05	0.0
9.648162e-06	0.0
3.213902e-06	0.0
0.00038439475	0.0
0.00016426	0.0
0.00015519651	0.0
5.644238e-06	0.0
7.859146e-05	0.0
1.8161569e-06	0.0
1.4891887e-05	0.0
0.0001432783	0.0
6.39767e-07	0.0
0.0094775455	0.0
0.016248694	0.0
0.00064734754	0.0
0.0045717782	0.0
0.0004978734	0.0
7.46401e-07	0.0
0.00026399663	0.0
9.667572e-06	0.0
8.4773244e-05	0.0
0.12952213	0.0
6.77635e-06	0.0
5.5881563e-05	0.0
0.0001227628	0.0
1.9862406e-05	0.0
0.0033399498	0.0
5.8941358e-05	0.0
2.9238065e-06	0.0
0.0019247581	0.0
4.6350756e-06	0.0
1.2602885e-06	0.0
0.0007218268	0.0
0.00031252383	0.0
0.12333559	0.0
0.06734023	0.0
0.0020540827	0.0
1.2541925e-05	0.0
0.00011435135	0.0
3.324464e-05	0.0
0.0611695	0.0
1.4651443e-05	0.0
3.5052494e-07	0.0
6.5162853e-06	0.0
0.028883412	0.0
2.4851868e-06	0.0
3.6418649e-06	0.0
0.00012206876	0.0
0.07523656	0.0
8.900147e-06	0.0
2.7781736e-05	0.0
9.219712e-06	0.0
6.9985995e-06	0.0
1.0196177e-05	0.0
0.0005249278	0.0
1.0950216e-06	0.0
0.00022116337	0.0
7.0414507e-07	0.0
3.4567103e-05	0.0
0.00021826364	0.0
0.003712523	0.0
0.0006988425	0.0
2.2523196e-05	0.0
3.946952e-05	0.0
0.000238339	0.0
0.0004658418	0.0
2.3393839e-06	0.0
2.2280226e-06	0.0
2.6562358e-07	0.0
3.980612e-07	0.0
8.2473314e-05	0.0
4.1686373e-05	0.0
0.00010799488	0.0
4.6276463e-07	0.0
0.00039991943	0.0
0.0020809846	0.0
9.745813e-05	0.0
2.0753403e-06	0.0
2.858256e-05	0.0
2.2696897e-06	0.0
1.15914645e-05	0.0
9.211579e-05	0.0
0.003245495	0.0
2.4953484e-05	0.0
0.0022033218	0.0
1.0203725e-05	0.0
0.014557687	0.0
0.08987754	0.0
1.291818e-06	0.0
1.732427e-06	0.0
1.8959312e-06	0.0
1.8850988e-06	0.0
0.00011685286	0.0
0.0037467459	0.0
4.4749548e-05	0.0
0.00014520016	0.0
3.3950146e-06	0.0
0.00055467634	0.0
2.6287883e-06	0.0
1.7355136e-05	0.0
1.70841e-05	0.0
7.578361e-07	0.0
1.4810311e-05	0.0
9.738446e-06	0.0
2.3634832e-06	0.0
5.967226e-06	0.0
0.00346566	0.0
3.7100087e-06	0.0
7.014225e-07	0.0
3.6497695e-05	0.0
1.1428751e-06	0.0
1.36824665e-05	0.0
6.0239915e-07	0.0
9.066022e-07	0.0
6.9744645e-05	0.0
0.000886392	0.0
4.3767956e-05	0.0
1.5612544e-05	0.0
0.00021210304	0.0
1.3800721e-05	0.0
0.00016600148	0.0
5.3493277e-05	0.0
1.527888e-06	0.0
1.1919491e-05	0.0
0.007770867	0.0
0.017911952	0.0
0.00042838874	0.0
0.057513565	0.0
6.705787e-05	0.0
1.8866407e-05	0.0
2.0208112e-05	0.0
3.0447754e-06	0.0
0.00063366425	0.0
1.15558705e-05	0.0
4.193374e-06	0.0
4.694808e-06	0.0
2.3540958e-06	0.0
6.2817554e-07	0.0
6.495222e-06	0.0
7.373222e-06	0.0
6.09927e-06	0.0
1.054962e-06	0.0
9.277918e-06	0.0
4.0739425e-07	0.0
5.3728672e-06	0.0
7.0821705e-05	0.0
0.0018815823	0.0
1.0210796e-06	0.0
8.143604e-06	0.0
3.0935535e-05	0.0
1.689324e-05	0.0
7.5864723e-06	0.0
0.93870574	0.0
1.3773354e-05	0.0
0.00021302326	0.0
0.04034176	1.0
0.16817148	1.0
1.5941881e-06	1.0
0.073644176	1.0
0.3361439	1.0
1.9100205e-06	1.0
0.7346517	1.0
0.00022471983	1.0
0.041356552	1.0
0.015925774	1.0
0.13838136	1.0
0.06465563	1.0
0.5072693	1.0
9.51975e-05	1.0
0.12856077	1.0
0.2542602	1.0
0.00083363795	1.0
0.0023507746	1.0
0.004173533	1.0
0.00021508546	1.0
0.0011170135	1.0
0.022545608	1.0
0.04072683	1.0
0.3896126	1.0
0.0021451458	1.0
0.0008463228	1.0
0.1681763	1.0
0.00075933646	1.0
0.0014828569	1.0
1.843305e-05	1.0
0.35763663	1.0
0.069146715	1.0
0.6019963	1.0
0.0657404	1.0
0.5711078	1.0
0.55966103	1.0
0.63014305	1.0
6.13201e-05	1.0
3.8339207e-05	1.0
0.5418055	1.0
0.1378684	1.0
0.0054548536	1.0
0.01667646	1.0
0.09410997	1.0
0.009023358	1.0
0.61066	1.0
0.004122601	1.0
0.022082984	1.0
0.033379175	1.0
0.3534079	1.0
0.11272984	1.0
0.65438396	1.0
0.10126978	1.0
0.103165366	1.0
0.112757124	1.0
0.10802219	1.0
0.078232795	1.0
0.0007245714	1.0
0.0006914056	1.0
0.010381164	1.0
0.33440915	1.0
0.16327004	1.0
0.13721673	1.0
0.6756048	1.0
0.8044348	1.0
0.00012523115	1.0
0.13993075	1.0
5.945018e-05	1.0
0.00015850745	1.0
0.92250794	1.0
0.001481439	1.0
0.7965997	1.0
0.081461996	1.0
0.053377222	1.0
0.08317612	1.0
0.9147226	1.0
