score	label
0.006703779	0.0
0.0005471089	0.0
3.3189554e-05	0.0
0.010214557	0.0
0.00018916749	0.0
0.2969292	0.0
3.2021724e-06	0.0
5.5084925e-05	0.0
4.715041e-06	0.0
3.4816112e-06	0.0
4.5665142e-06	0.0
2.517283e-06	0.0
1.3729709e-05	0.0
5.1691045e-06	0.0
7.847629e-06	0.0
9.0870335e-06	0.0
4.461526e-06	0.0
1.99095e-06	0.0
0.00046500118	0.0
7.948405e-05	0.0
0.001496245	0.0
0.0005750859	0.0
0.00042015142	0.0
0.00087038067	0.0
2.146148e-05	0.0
3.659429e-06	0.0
9.719682e-06	0.0
2.0229163e-06	0.0
2.691601e-06	0.0
7.0543074e-06	0.0
0.00025826186	0.0
4.438926e-05	0.0
0.00019933567	0.0
0.00017187254	0.0
0.00010242429	0.0
3.669837e-05	0.0
2.4592475e-05	0.0
0.0002793338	0.0
5.8727164e-05	0.0
4.9009628e-05	0.0
1.8124376e-05	0.0
1.6737822e-05	0.0
6.8815396e-05	0.0
0.00082010636	0.0
0.0053585195	0.0
0.0001464665	0.0
0.00017160467	0.0
4.2169554e-06	0.0
0.0002363141	0.0
0.00013700398	0.0
0.0019442253	0.0
0.0018883434	0.0
0.00073239894	0.0
3.2729946e-05	0.0
0.00034100102	0.0
8.719767e-06	0.0
1.5993872e-06	0.0
1.0728991e-05	0.0
0.00014139584	0.0
8.192733e-06	0.0
0.00457344	0.0
0.00015013274	0.0
7.5854325e-05	0.0
8.716228e-06	0.0
0.0004412021	0.0
0.12024045	0.0
2.6473228e-05	0.0
0.00031304252	0.0
0.00032324094	0.0
3.6534789e-06	0.0
3.6846093e-05	0.0
8.310547e-06	0.0
9.236222e-05	0.0
6.7238776e-05	0.0
0.00038514496	0.0
6.831324e-06	0.0
0.0006092846	0.0
6.723623e-05	0.0
1.576911e-05	0.0
4.496283e-05	0.0
0.017378375	0.0
9.123558e-05	0.0
0.0007108695	0.0
0.0030949062	0.0
7.7186734e-05	0.0
0.00089581136	0.0
0.04440921	0.0
0.000102612226	0.0
5.1227777e-05	0.0
0.0009858491	0.0
5.5223598e-05	0.0
0.019198833	0.0
0.0006992616	0.0
0.0004190235	0.0
0.0001299545	0.0
0.0071212347	0.0
0.00025923492	0.0
0.0005430978	0.0
0.00038356867	0.0
0.004248964	0.0
4.0690033e-05	0.0
0.0014624236	0.0
4.656256e-06	0.0
1.0898101e-06	0.0
1.1057399e-05	0.0
6.9696844e-06	0.0
2.7375352e-06	0.0
1.8119317e-05	0.0
0.00025266744	0.0
0.00037904663	0.0
3.4811004e-05	0.0
0.0015420786	0.0
3.923959e-05	0.0
7.3183487e-06	0.0
6.958681e-05	0.0
8.1985345e-06	0.0
6.51218e-06	0.0
5.3931067e-06	0.0
2.2676093e-06	0.0
3.662883e-06	0.0
0.00041480616	0.0
0.00014550766	0.0
0.0001613199	0.0
0.0001320467	0.0
0.0012781726	0.0
3.7293346e-05	0.0
0.000575671	0.0
0.00394244	0.0
0.004087562	0.0
0.0026820207	0.0
0.00012992338	0.0
0.0018077582	0.0
4.351439e-05	0.0
3.843445e-06	0.0
3.0980843e-06	0.0
1.7559594e-05	0.0
5.200994e-06	0.0
1.1120689e-05	0.0
1.5151105e-05	0.0
3.9256533e-06	0.0
1.0578337e-05	0.0
0.00046513655	0.0
4.252e-06	0.0
2.1872967e-05	0.0
2.1198653e-06	0.0
9.271344e-06	0.0
1.5651498e-06	0.0
0.00031251143	0.0
1.6640403e-06	0.0
1.4860055e-05	0.0
9.062947e-06	0.0
4.051301e-05	0.0
0.000757731	0.0
0.0006495815	0.0
0.0006389701	0.0
8.367415e-05	0.0
6.19727e-05	0.0
3.2906944e-06	0.0
0.00011910354	0.0
2.726386e-06	0.0
8.493436e-06	0.0
5.021732e-06	0.0
0.0006969484	0.0
0.20129402	0.0
0.002592864	0.0
2.1310507e-05	0.0
0.00048555247	0.0
0.00043439056	0.0
1.2999316e-05	0.0
3.9522707e-05	0.0
6.1016667e-06	0.0
0.0002343832	0.0
3.755442e-05	0.0
0.00021885987	0.0
0.0015000247	0.0
8.289578e-06	0.0
8.322812e-05	0.0
3.322429e-05	0.0
2.9939527e-05	0.0
0.00018044483	0.0
0.001002296	0.0
0.0019023567	0.0
0.00015191252	0.0
7.657876e-05	0.0
1.025042e-05	0.0
5.738435e-05	0.0
3.5139635e-06	0.0
2.7278342e-05	0.0
1.0864574e-06	0.0
7.5963458e-06	0.0
1.0766186e-06	0.0
6.5836307e-06	0.0
2.8747304e-06	0.0
2.0771788e-05	0.0
4.2201923e-06	0.0
1.4240221e-06	0.0
2.7278342e-05	0.0
1.8965264e-05	0.0
0.12172313	0.0
1.3298335e-05	0.0
0.002954069	0.0
0.00033087673	0.0
0.0037641476	0.0
8.832419e-06	0.0
3.078079e-05	0.0
5.184661e-05	0.0
0.0030316622	0.0
3.3679204e-05	0.0
1.3967324e-05	0.0
5.959055e-06	0.0
2.0736034e-05	0.0
2.951881e-06	0.0
3.7498903e-06	0.0
1.4188499e-06	0.0
1.6750458e-06	0.0
8.933465e-05	0.0
4.6303487e-07	0.0
2.3708774e-06	0.0
1.7291235e-06	0.0
6.016589e-05	0.0
4.7676776e-06	0.0
1.9545646e-06	0.0
5.701913e-06	0.0
1.134349e-06	0.0
9.550904e-05	0.0
1.8144849e-06	0.0
3.4439418e-06	0.0
6.994209e-05	0.0
5.7832362e-06	0.0
2.5928219e-05	0.0
4.3665303e-05	0.0
3.829755e-06	0.0
2.5379213e-05	0.0
1.134349e-06	0.0
6.55065e-05	0.0
7.6278055e-05	0.0
0.00011018252	0.0
0.00011074974	0.0
1.4875981e-05	0.0
4.289457e-05	0.0
4.061956e-06	0.0
2.5050063e-05	0.0
1.8986675e-05	0.0
2.9163855e-06	0.0
3.8861435e-06	0.0
4.843417e-06	0.0
7.803348e-06	0.0
3.7575771e-06	0.0
2.1600661e-05	0.0
8.482011e-05	0.0
2.5693138e-05	0.0
5.963411e-06	0.0
2.9048852e-05	0.0
3.8567425e-05	0.0
4.221381e-06	0.0
3.4630488e-05	0.0
2.8411343e-05	0.0
9.433336e-06	0.0
1.2821805e-06	0.0
6.8225186e-06	0.0
6.994209e-05	0.0
4.597402e-06	0.0
0.00017733072	0.0
6.8225186e-06	0.0
2.5857032e-06	0.0
2.8583205e-05	0.0
0.00018070794	0.0
2.4907367e-05	0.0
4.286369e-05	0.0
9.659794e-07	0.0
1.3867926e-05	0.0
4.5497495e-06	0.0
2.6170817e-06	0.0
0.00035255784	0.0
3.9184883e-06	0.0
0.0012368356	0.0
1.8623448e-05	0.0
5.3403033e-05	0.0
0.0005621011	0.0
0.00012415134	0.0
6.0325332e-05	0.0
8.540209e-06	0.0
1.4714952e-05	0.0
5.943941e-05	0.0
7.462673e-06	0.0
1.1687715e-05	0.0
7.343551e-05	0.0
0.00033844425	0.0
8.0889e-06	0.0
2.096563e-05	0.0
0.045551594	0.0
0.004723853	0.0
3.1840143e-05	0.0
0.0019592314	0.0
0.00457344	0.0
1.0066249e-05	0.0
3.3080334e-05	0.0
0.0007450411	0.0
9.099281e-05	0.0
0.00015013274	0.0
0.00044697043	0.0
0.002010585	0.0
0.00012790556	0.0
0.0006012366	0.0
0.00021725279	0.0
0.009032046	0.0
0.04034176	1.0
1.5941881e-06	1.0
1.9100205e-06	1.0
0.0021302716	1.0
0.00022471983	1.0
0.0015826261	1.0
0.019066524	1.0
0.0038846098	1.0
0.06348383	1.0
9.51975e-05	1.0
0.0803483	1.0
0.0068430724	1.0
0.0019114988	1.0
0.045571607	1.0
0.101875104	1.0
0.004173533	1.0
0.0018427767	1.0
0.00021508546	1.0
0.002914775	1.0
1.843305e-05	1.0
0.22394398	1.0
0.028405434	1.0
6.13201e-05	1.0
3.8339207e-05	1.0
0.00032846606	1.0
0.21725653	1.0
0.07139845	1.0
0.07455847	1.0
0.20721383	1.0
0.033379175	1.0
0.06464393	1.0
6.40013e-06	1.0
1.2911928e-05	1.0
0.058079798	1.0
3.94387e-05	1.0
3.3549055e-05	1.0
7.2106945e-05	1.0
6.3587126e-05	1.0
0.00012523103	1.0
0.00050996547	1.0
0.00019033083	1.0
0.0022948412	1.0
0.00016169726	1.0
0.0007977897	1.0
0.00033694724	1.0
0.005269851	1.0
0.0044124685	1.0
5.945018e-05	1.0
0.12186717	1.0
0.08876448	1.0
0.009887866	1.0
9.068727e-05	0.0
9.937898e-05	0.0
2.4411986e-05	0.0
0.00055015145	0.0
0.055788994	0.0
0.00029345232	0.0
0.00030662832	0.0
0.1735203	0.0
0.08355902	0.0
0.119891815	0.0
0.0005637685	0.0
0.05862875	0.0
0.030169634	0.0
0.09120997	0.0
2.3205022e-05	0.0
0.00014213086	0.0
0.60566586	0.0
0.0007840911	0.0
0.0014729819	0.0
0.036563393	0.0
0.009301576	0.0
0.0032949583	0.0
7.417024e-06	0.0
0.00056252145	0.0
0.00055789197	0.0
0.00105746	0.0
0.0008423482	0.0
0.0003988547	0.0
0.0002218146	0.0
0.00025914286	0.0
9.327742e-05	0.0
0.053185947	0.0
0.0005373116	0.0
0.00012110833	0.0
0.0009365081	0.0
4.5978006e-05	0.0
0.000797874	0.0
0.00025913658	0.0
0.0005942209	0.0
0.00039493773	0.0
0.0001000945	0.0
2.2551167e-05	0.0
0.014224047	0.0
0.0031818498	0.0
1.9590283e-05	0.0
0.00014765354	0.0
0.00036191155	0.0
0.23874307	0.0
0.001806916	0.0
6.875757e-05	0.0
0.0013478762	0.0
2.1552845e-05	0.0
0.00016291808	0.0
0.00014193033	0.0
0.000285343	0.0
0.0002855946	0.0
0.0038358835	0.0
0.0009067572	0.0
0.01347059	0.0
0.00061900093	0.0
0.00017026377	0.0
0.0043086717	0.0
5.8833404e-05	0.0
7.399008e-05	0.0
2.975766e-05	0.0
0.00094886817	0.0
5.793317e-05	0.0
8.54164e-05	0.0
0.00031623416	0.0
0.0015262617	0.0
1.4912995e-05	0.0
0.00037410992	0.0
0.00035124584	0.0
8.409531e-06	0.0
0.000120012286	0.0
7.6217475e-05	0.0
0.00046762367	0.0
0.09527679	0.0
0.00018452926	0.0
6.8370464e-05	0.0
6.229235e-05	0.0
0.0061459127	0.0
0.06213544	0.0
0.034067918	0.0
0.0002777824	0.0
0.0021933366	0.0
0.018252676	0.0
0.066619955	0.0
1.3028228e-05	0.0
1.5069926e-05	0.0
0.012969221	0.0
0.02331297	0.0
0.033142313	0.0
0.0007770593	0.0
0.002376647	0.0
6.924544e-05	0.0
3.615261e-05	0.0
0.07391303	0.0
0.0952046	0.0
0.0665641	0.0
0.0006087494	0.0
0.00017519585	0.0
0.002729778	0.0
0.00027280953	0.0
0.031026972	0.0
0.20401226	0.0
0.21802954	0.0
0.08143352	0.0
0.00025172674	0.0
0.032720234	0.0
5.6729652e-05	0.0
0.0009482933	0.0
0.14208305	0.0
4.8426034e-05	0.0
6.7164096e-05	0.0
7.3496914e-05	0.0
1.986519e-05	0.0
0.090884805	0.0
6.8174435e-05	0.0
0.006792307	0.0
0.00023740395	0.0
0.19775596	0.0
0.0050375755	0.0
0.018992899	0.0
0.0001527973	0.0
8.554483e-05	0.0
1.4336016e-05	0.0
0.0013178485	0.0
0.00011244598	0.0
8.068583e-05	0.0
0.00020803754	0.0
0.0024815872	0.0
0.000456214	0.0
0.0005292785	0.0
0.00094642874	0.0
0.00034569926	0.0
4.1286297e-05	0.0
0.0006383814	0.0
0.0015473444	0.0
0.004312806	0.0
0.0001291529	0.0
0.0011214343	0.0
0.0020322488	0.0
0.00053253904	0.0
0.0020719187	0.0
0.0038024231	0.0
0.5000582	0.0
6.760547e-06	0.0
0.0001303484	0.0
0.0027776863	0.0
0.00037268788	0.0
0.003940107	0.0
0.0006762882	0.0
0.09683876	0.0
0.028946996	0.0
5.5601617e-05	0.0
0.00060719793	0.0
0.28204075	0.0
3.5311645e-05	0.0
0.0027341074	0.0
4.306175e-05	0.0
1.6287557e-05	0.0
9.5704534e-05	0.0
0.0007897356	0.0
7.196863e-05	0.0
0.00023181194	0.0
0.0027904275	0.0
0.004150645	0.0
0.00030462918	0.0
0.0011544515	0.0
0.002098223	0.0
0.0007149269	0.0
0.0012338504	0.0
0.0005094907	0.0
0.00937872	0.0
0.0008418678	0.0
0.0037290782	0.0
0.11061122	0.0
3.0459652e-05	0.0
2.5794718e-06	0.0
3.9286602e-05	0.0
1.677158e-05	0.0
0.00039557117	0.0
2.4189701e-05	0.0
3.7965314e-05	0.0
0.00014547881	0.0
3.6647605e-05	0.0
0.001112657	0.0
0.00021681329	0.0
0.031029597	0.0
0.008034906	0.0
0.0030686918	0.0
4.2022595e-05	0.0
7.4006886e-05	0.0
0.00014685873	0.0
0.0003606561	0.0
0.0006376888	0.0
9.275494e-05	0.0
0.00044625546	0.0
6.652926e-05	0.0
0.0002904313	0.0
0.00055202696	0.0
8.357973e-05	0.0
0.103287876	0.0
0.00015329938	0.0
0.008506033	0.0
0.23706439	0.0
0.039500613	0.0
0.47493616	0.0
0.0025893103	0.0
0.00039336525	0.0
0.0029684997	0.0
0.43104672	0.0
0.0047994866	0.0
5.0517916e-05	0.0
0.0016593678	0.0
0.16407979	0.0
0.028747072	0.0
5.461707e-05	0.0
0.00019786514	0.0
4.410241e-05	0.0
0.003224715	0.0
0.11831522	0.0
0.005420251	0.0
1.9613944e-05	0.0
1.8744604e-05	0.0
0.8130579	0.0
0.00018232128	0.0
0.24665001	0.0
0.29386443	0.0
0.0274764	0.0
0.14354765	0.0
0.023969209	0.0
0.00091593154	0.0
0.08633164	0.0
0.003053778	0.0
0.00082308997	0.0
1.5106553e-05	0.0
0.02877453	0.0
0.008397418	0.0
0.0044746143	0.0
0.0007427859	0.0
0.0018467617	0.0
0.046832483	0.0
0.00012473924	0.0
0.009744301	0.0
0.0013734332	0.0
1.8512195e-05	0.0
0.00022710265	0.0
0.079380564	0.0
0.08175919	0.0
0.0008065786	0.0
7.5023934e-05	0.0
0.92822343	0.0
0.07059141	0.0
0.0003209357	0.0
6.649876e-06	0.0
0.00028862924	0.0
2.710134e-06	0.0
0.45533663	0.0
4.1321247e-05	0.0
8.478407e-05	0.0
0.00010480683	0.0
4.8341826e-05	0.0
0.029997367	0.0
0.00036534664	0.0
0.1440048	0.0
0.0005573317	0.0
6.663266e-05	0.0
0.00037772348	0.0
0.72665006	0.0
0.36788937	0.0
0.11710727	0.0
0.00020752082	0.0
0.00022431242	0.0
0.0017274552	0.0
0.00040998842	0.0
0.0018333849	0.0
0.0011507958	0.0
1.4755037e-05	0.0
0.0007845075	0.0
0.00078936864	0.0
0.00015658587	0.0
0.00017639226	0.0
8.651129e-05	0.0
2.5021325e-05	0.0
3.230601e-05	0.0
0.00041985587	0.0
5.105961e-05	0.0
0.39009497	0.0
0.05151993	0.0
6.8182584e-05	0.0
0.000107295404	0.0
0.0008569293	0.0
0.06552926	0.0
4.0217997e-06	0.0
0.00020752082	0.0
0.00061402185	0.0
0.0001239128	0.0
0.00091903034	0.0
0.24236217	0.0
0.74680793	0.0
0.018215818	0.0
0.29386443	0.0
3.394766e-05	0.0
4.6947807e-05	0.0
0.00013031317	0.0
8.830474e-05	0.0
0.040743984	0.0
0.003315096	0.0
0.6171894	0.0
0.00084152224	0.0
0.0017354147	0.0
0.00082256406	0.0
0.00012520037	0.0
0.00039922094	0.0
0.00598741	0.0
1.1454692e-05	0.0
0.0014967783	0.0
0.0020633962	0.0
0.02184741	0.0
0.0003750119	0.0
0.00030474178	0.0
0.00037572888	0.0
0.00027177716	0.0
0.0009320897	0.0
0.0006955435	0.0
0.00023245695	0.0
0.008844903	0.0
0.4154636	0.0
3.2876804e-05	0.0
0.8355183	0.0
0.0018650361	0.0
0.00646504	0.0
6.0041737e-05	0.0
0.00032114756	0.0
1.0101925e-05	0.0
1.0553337e-05	0.0
2.8797276e-06	0.0
8.1854196e-05	0.0
0.0002605641	0.0
0.0011389565	0.0
0.05551637	0.0
7.703888e-05	0.0
0.00065867626	0.0
0.1443523	0.0
6.339506e-05	0.0
0.0003806811	0.0
0.00023978167	0.0
0.0038556617	0.0
0.00084957434	0.0
0.009577499	0.0
2.517345e-05	0.0
8.297745e-06	0.0
0.0120827705	0.0
8.070597e-06	0.0
4.8490833e-06	0.0
3.7428945e-06	0.0
3.2810135e-06	0.0
7.871457e-05	0.0
0.00015608428	0.0
8.320455e-06	0.0
0.00010726985	0.0
0.025063002	0.0
0.00040046265	0.0
0.115101434	0.0
0.0036500625	0.0
0.021479579	0.0
0.24409127	0.0
0.00022826726	0.0
0.0008497727	0.0
5.0599187e-06	0.0
0.25763842	0.0
0.00026192697	0.0
5.3287007e-05	0.0
0.0041873897	0.0
6.066444e-05	0.0
0.012230214	0.0
0.0005713217	0.0
0.49275333	0.0
9.006037e-05	0.0
0.17433807	0.0
9.019762e-05	0.0
0.00012784351	0.0
0.0005923045	0.0
0.00042312854	0.0
0.0029854493	0.0
1.3937802e-05	0.0
0.0023959612	0.0
0.0005128922	0.0
0.007317513	0.0
0.014843814	0.0
0.0019898096	0.0
0.0013142683	0.0
5.588631e-05	0.0
6.310766e-05	0.0
0.00030884254	0.0
0.00038618591	0.0
1.9428926e-05	0.0
0.7662064	0.0
0.00012458589	0.0
0.0006155846	0.0
0.00081194704	0.0
0.735363	0.0
3.942227e-05	0.0
0.0002057061	0.0
0.019714404	0.0
0.00108785	0.0
7.44008e-06	0.0
4.163451e-05	0.0
0.0007772441	0.0
0.025250599	0.0
0.16513406	0.0
0.0016781337	0.0
0.0010375105	0.0
0.0006106919	0.0
0.027062232	0.0
0.00017873473	0.0
0.015413067	0.0
1.9345998e-05	0.0
0.018586168	0.0
0.0007135823	0.0
5.275915e-05	0.0
0.0004999374	0.0
0.008008259	0.0
0.00046086792	0.0
0.0002879887	0.0
0.00027128463	0.0
0.0015788978	0.0
0.005091584	0.0
0.00017487978	0.0
8.599624e-05	0.0
0.0006672544	0.0
0.00014167982	0.0
0.09351192	0.0
0.00032335313	0.0
0.00095550943	0.0
0.0040736957	0.0
0.036143444	0.0
0.17325178	0.0
5.139091e-05	0.0
0.1749968	1.0
0.7865222	1.0
0.04025339	1.0
0.29219428	1.0
0.04245203	1.0
0.0015227145	1.0
0.69650644	1.0
0.021586625	1.0
0.43527794	1.0
0.25274584	1.0
0.011112459	1.0
0.0025801214	1.0
0.041356552	1.0
0.13838136	1.0
0.030891607	1.0
0.96455806	1.0
0.033861432	1.0
0.597669	1.0
0.5072693	1.0
0.22502469	1.0
0.53493524	1.0
0.09059375	1.0
0.40818763	1.0
0.8412132	1.0
0.6841282	1.0
0.010969437	1.0
0.53181547	1.0
0.011240414	1.0
0.048795003	1.0
0.8923912	1.0
0.0023507746	1.0
0.051921118	1.0
0.34636378	1.0
0.037523646	1.0
0.64492863	1.0
0.05007081	1.0
0.7712499	1.0
0.006200284	1.0
0.9213387	1.0
0.70702887	1.0
0.4436851	1.0
0.88367873	1.0
0.04072683	1.0
0.036436092	1.0
0.82546616	1.0
0.6266698	1.0
0.9730007	1.0
0.7943196	1.0
0.96162796	1.0
0.96271485	1.0
0.1681763	1.0
0.010453752	1.0
0.92619795	1.0
0.9223696	1.0
0.8189029	1.0
0.4313059	1.0
0.0011487324	1.0
0.35763663	1.0
0.9479108	1.0
0.18458043	1.0
0.0001794016	1.0
0.78120947	1.0
0.047647722	1.0
0.87388784	1.0
0.0054548536	1.0
0.16358726	1.0
0.43236494	1.0
0.01667646	1.0
0.004122601	1.0
0.8720836	1.0
0.66471416	1.0
0.059074342	1.0
0.027289793	1.0
0.37735614	1.0
0.10184198	0.0
0.0011952268	0.0
0.021311898	0.0
0.3034819	0.0
0.0011620698	0.0
0.059829153	0.0
0.3893665	0.0
0.0043508457	0.0
0.1929048	0.0
0.0014047513	0.0
0.0016836057	0.0
0.008221045	0.0
0.056042314	0.0
0.0006377132	0.0
0.035029206	0.0
0.01414493	0.0
0.20561619	0.0
0.017496375	0.0
0.049159657	0.0
9.893137e-05	0.0
0.0013304803	0.0
0.00020534878	0.0
5.8872796e-05	0.0
0.00024082114	0.0
0.00064950745	0.0
0.00014079537	0.0
0.28691572	0.0
0.022071123	0.0
0.57372504	0.0
0.035057094	0.0
0.00015077887	0.0
0.0004148681	0.0
0.00031773187	0.0
0.0006602684	0.0
0.010919611	0.0
0.07847705	0.0
0.20337306	0.0
0.0058631585	0.0
3.7091566e-05	0.0
4.7878635e-05	0.0
0.0018359201	0.0
0.36433312	0.0
0.00034810687	0.0
7.254696e-05	0.0
0.00011814048	0.0
0.5426618	0.0
0.083848536	0.0
0.00088244415	0.0
0.04782146	0.0
0.01875202	0.0
0.03743784	0.0
0.2043788	0.0
0.8169495	0.0
0.0024916183	0.0
0.21054633	0.0
0.00044159382	0.0
0.13353693	0.0
0.38850918	0.0
4.2622534e-05	0.0
0.6470043	0.0
0.009988593	0.0
0.0018672452	0.0
0.14324799	0.0
0.00011164681	0.0
0.101543024	0.0
0.1657432	0.0
7.782727e-05	0.0
0.54175556	0.0
0.007421342	0.0
0.016758554	0.0
0.00084936916	0.0
9.409624e-05	0.0
0.0007377604	0.0
0.20357676	0.0
2.4838926e-05	0.0
0.0010352146	0.0
0.16872588	0.0
0.007853749	0.0
2.8437249e-05	0.0
0.00063085597	0.0
1.3299211e-05	0.0
0.002173242	0.0
2.0406547e-05	0.0
0.52733916	0.0
0.07856446	0.0
0.011662669	0.0
0.0004579109	0.0
0.22551544	0.0
0.22228289	0.0
0.0002798858	0.0
0.23987864	0.0
4.872659e-05	0.0
0.40380326	0.0
0.0023176179	0.0
0.21591718	0.0
0.02308522	0.0
0.042543657	0.0
1.4518324e-05	0.0
0.0036922195	0.0
0.00013832352	0.0
0.007305994	0.0
0.00016736354	0.0
0.0007722759	0.0
0.0049159387	0.0
0.00038294867	0.0
0.0012828162	0.0
0.0007775146	0.0
0.0777184	0.0
0.007663253	0.0
0.0027166032	0.0
0.0015002546	0.0
0.21292463	0.0
0.0017923241	0.0
0.00025124295	0.0
0.0020056735	0.0
0.013661777	0.0
0.1669197	0.0
0.015074889	0.0
7.338396e-06	0.0
0.2274152	0.0
0.010978873	0.0
0.0013003935	0.0
0.0013010731	0.0
0.019064877	0.0
0.040970106	0.0
0.00039397823	0.0
0.0027789052	0.0
0.0030745617	0.0
0.0015044896	0.0
0.485665	0.0
0.044710193	0.0
0.00084731216	0.0
0.37996468	0.0
0.0030291972	0.0
0.0029838232	0.0
0.00066794286	0.0
0.00080889574	0.0
0.51688045	0.0
0.018841371	0.0
0.29243717	0.0
0.018841371	0.0
0.01610971	0.0
0.003983435	0.0
0.054344386	0.0
5.595416e-05	0.0
0.025683416	0.0
2.4444345e-05	0.0
8.7394066e-05	0.0
1.1932964e-05	0.0
8.625048e-05	0.0
0.00010873911	0.0
0.01291878	0.0
0.001910509	0.0
0.0024742556	0.0
0.0063032317	0.0
0.8625431	0.0
0.0013299308	0.0
0.0039984835	0.0
0.00020247999	0.0
0.005703455	0.0
0.03368619	0.0
0.021551428	0.0
0.11953539	0.0
0.03609596	0.0
0.0036922195	0.0
0.0029807237	0.0
0.007699959	0.0
1.8540268e-05	0.0
0.0004030213	0.0
0.0006142305	0.0
0.042392682	0.0
0.34134656	0.0
0.060291972	0.0
0.003085424	0.0
0.12575994	0.0
0.7611198	0.0
0.0032579915	0.0
6.9295915e-05	0.0
0.5469796	0.0
0.0032556218	0.0
0.04617679	0.0
0.0020585493	0.0
0.4574452	0.0
0.00468288	0.0
0.024967814	0.0
0.00081593095	0.0
0.0006325924	0.0
0.00033303472	0.0
0.9628071	0.0
0.01848991	0.0
0.0037324526	0.0
0.00011231301	0.0
0.068712465	0.0
7.824407e-06	0.0
0.00031303646	0.0
0.00022546042	0.0
0.0003772358	0.0
0.0013701889	0.0
0.00056728953	0.0
0.84460175	0.0
0.026255304	0.0
0.18314664	0.0
0.003922011	0.0
0.04548776	0.0
0.8177056	0.0
0.00046426174	0.0
0.0040731723	0.0
0.061004467	0.0
0.000360895	0.0
7.284197e-05	0.0
0.010668498	0.0
0.0063464516	0.0
0.0063464516	0.0
0.27052107	0.0
0.0007015549	0.0
4.2196225e-05	0.0
0.00012479388	0.0
0.017770205	0.0
1.4268482e-05	0.0
0.028005613	0.0
0.00012079071	0.0
0.0012566828	0.0
0.435314	0.0
0.03654349	0.0
0.00023445986	0.0
0.001213739	0.0
0.5761761	0.0
0.0011855605	0.0
0.19958955	0.0
0.00040561473	0.0
0.010421864	0.0
0.0022620666	0.0
0.05263729	0.0
0.0018351333	0.0
0.3997106	0.0
0.0028614502	0.0
0.00045742534	0.0
0.2889626	0.0
0.0004857115	0.0
0.0008400852	0.0
0.00016754882	0.0
0.038098454	0.0
0.020826379	0.0
0.037523102	0.0
0.0013003935	0.0
0.00029557533	0.0
0.00017651804	0.0
0.00951529	0.0
0.017434932	0.0
0.36346033	0.0
0.35473722	0.0
0.0009256361	0.0
0.0042111473	0.0
0.021311898	0.0
0.008504543	0.0
0.010661378	0.0
0.048349753	0.0
0.003045472	0.0
0.001493459	0.0
0.0003067733	0.0
0.1233032	0.0
4.3386823e-05	0.0
0.004061754	0.0
7.495976e-05	0.0
0.0063731717	0.0
0.027864078	0.0
0.011700294	0.0
5.127862e-05	0.0
1.7889086e-05	0.0
0.00028013682	0.0
1.021427e-05	0.0
0.001487267	0.0
0.0005473333	0.0
0.0034925274	0.0
0.0052634473	0.0
8.222431e-05	0.0
0.017781468	0.0
0.00052494084	0.0
0.00029790573	0.0
0.00021763596	0.0
0.18544964	0.0
0.0007962221	0.0
0.011437856	0.0
0.00465594	0.0
0.00034316452	0.0
0.0007586069	0.0
0.0028038938	0.0
0.005797327	0.0
0.033931434	0.0
0.10339498	0.0
0.01203441	0.0
8.302385e-06	0.0
6.7425615e-05	0.0
0.00011218828	0.0
0.82029194	0.0
0.11474692	0.0
0.00044073962	0.0
0.07659985	0.0
0.36023957	0.0
2.8710792e-05	0.0
0.00012403847	0.0
0.053476393	0.0
0.0001912122	0.0
0.00030289683	0.0
0.041710354	0.0
0.122536264	0.0
3.3598226e-05	0.0
3.2165477e-05	0.0
0.00612115	0.0
0.000114538765	0.0
1.5014387e-05	0.0
0.00040800255	0.0
0.04443577	0.0
0.0017877131	0.0
0.00041601347	0.0
0.0054268274	0.0
0.000823782	0.0
0.23935345	0.0
0.39548627	0.0
0.4093139	0.0
0.00025894403	0.0
0.17109765	0.0
0.005186438	0.0
0.0009858448	0.0
8.487788e-05	0.0
0.127444	0.0
0.00094555516	0.0
0.0005477678	0.0
9.817537e-05	0.0
4.3495595e-05	0.0
0.0038246294	0.0
0.41556382	0.0
0.021659823	0.0
0.00033103276	0.0
0.0012628651	0.0
3.856413e-05	0.0
0.0144355	0.0
9.834188e-05	0.0
0.00061909325	0.0
0.0024218736	0.0
0.014869126	0.0
0.00068637676	0.0
0.005646415	0.0
0.031341575	0.0
0.17927133	0.0
0.5099079	0.0
0.008100255	0.0
0.04785924	0.0
0.20409547	0.0
0.020724332	0.0
0.48885962	0.0
0.13177644	0.0
0.0048184954	0.0
0.36143467	0.0
0.81004936	0.0
4.1686948e-05	0.0
0.0025816744	0.0
0.6935183	0.0
0.14665073	0.0
0.00011304602	0.0
0.027905954	0.0
3.1890213e-05	0.0
9.926905e-05	0.0
0.10327714	0.0
0.028246349	0.0
0.0001202883	0.0
0.00043134336	0.0
0.0033984238	0.0
0.004037674	0.0
0.0031319545	0.0
0.5224274	0.0
7.137108e-05	0.0
0.04817596	0.0
0.0060812077	0.0
0.0060321204	0.0
7.956885e-06	0.0
0.0014098486	0.0
0.03417619	0.0
0.0007868229	0.0
0.2756594	0.0
0.0006322142	0.0
0.0011997138	0.0
0.17767069	0.0
0.0020271377	0.0
0.04381204	0.0
2.2342321e-05	0.0
0.03790532	0.0
0.0005793303	0.0
5.1848056e-05	0.0
0.024334911	0.0
0.45905945	0.0
0.11477542	0.0
0.0026002966	0.0
0.0005971498	0.0
0.11477542	0.0
0.09338862	0.0
0.00017806051	0.0
0.22370408	0.0
0.00030457752	0.0
0.0028738056	0.0
0.09716531	0.0
0.030933047	0.0
3.2731507e-05	0.0
0.016548812	0.0
0.00066231505	0.0
7.083552e-05	0.0
0.0013952072	0.0
0.000426726	0.0
0.00010305059	0.0
0.0018379934	0.0
4.7228674e-05	0.0
0.00019105368	0.0
6.4532156e-05	0.0
0.032779545	0.0
0.0073110447	0.0
0.16367497	0.0
0.00082197034	0.0
0.00020568061	0.0
0.0073110447	0.0
0.0027538002	0.0
1.8077924e-05	0.0
9.493309e-05	0.0
3.841121e-06	0.0
6.623522e-05	0.0
0.00085519126	0.0
0.8409673	0.0
0.0013053401	0.0
0.00074597786	0.0
0.0005735547	0.0
0.0076426524	0.0
0.16484337	0.0
0.0010410141	0.0
0.114183	0.0
0.0021927743	0.0
0.3014539	0.0
0.10369378	0.0
3.691362e-05	0.0
0.00020584218	0.0
8.977004e-05	0.0
0.35306737	0.0
9.92063e-05	0.0
0.029960027	0.0
2.6537546e-05	0.0
0.022352396	0.0
0.0061075874	0.0
0.001869753	0.0
4.7857648e-05	0.0
3.8134283e-05	0.0
0.00047278797	0.0
0.000115072646	0.0
0.028324798	0.0
7.456195e-05	0.0
0.0020042309	0.0
0.00032821484	0.0
0.022775007	0.0
0.00037090597	0.0
0.0056084045	0.0
0.0010629293	0.0
0.00013779818	0.0
0.007666867	0.0
0.110609375	0.0
0.0001648321	0.0
0.0008551666	0.0
0.5551077	0.0
7.933808e-05	0.0
3.1591295e-05	0.0
6.4279826e-05	0.0
0.015125665	0.0
0.0032150806	0.0
0.00020894168	0.0
0.00021924508	0.0
0.0024396316	0.0
0.0139895845	0.0
0.24821118	0.0
9.965743e-05	0.0
0.00028214866	0.0
0.00303139	0.0
0.0035319675	0.0
0.41504392	0.0
0.0011437008	0.0
0.0010715988	0.0
0.0011891924	0.0
0.00040773317	0.0
0.00018467546	0.0
9.127355e-05	0.0
0.0515247	0.0
0.00322425	0.0
0.0024488901	0.0
0.0011441658	0.0
0.000968216	0.0
0.00011633243	0.0
0.0005238683	0.0
0.33098197	0.0
0.046749327	0.0
0.0012533667	0.0
0.4294587	0.0
0.0001220958	0.0
0.007501678	0.0
0.009486712	0.0
0.0028057832	0.0
6.1737184e-05	0.0
0.016525848	0.0
0.00063991564	0.0
0.0001257127	0.0
0.0017294012	0.0
0.1621583	0.0
0.00052330975	0.0
0.00014318299	0.0
0.00018731957	0.0
0.00012656781	0.0
0.00010209731	0.0
0.0007221077	0.0
0.0013723243	0.0
0.00031526407	0.0
0.00070772547	0.0
0.00036059797	0.0
0.49315643	0.0
6.103205e-05	0.0
0.0047204783	0.0
0.0003326366	0.0
0.00024983226	0.0
0.00045551482	0.0
0.00048154755	0.0
0.00012984096	0.0
0.022312433	0.0
0.00021908023	0.0
0.00019021831	0.0
0.00030127013	0.0
0.0016727813	0.0
0.01180197	0.0
6.651315e-05	0.0
3.266578e-06	0.0
0.44293687	0.0
0.00010857442	0.0
0.00026379686	0.0
0.000136749	0.0
0.0074263527	0.0
0.00045774813	0.0
0.0016254496	0.0
0.027276412	0.0
0.8451579	0.0
0.00020149587	0.0
0.60910344	0.0
0.03285221	0.0
0.05219667	0.0
0.0005306305	0.0
0.088480145	0.0
0.027770922	0.0
0.0043504653	0.0
0.0024732517	0.0
0.00029598674	0.0
0.10124445	0.0
0.0006728298	0.0
0.047096122	0.0
0.19674526	0.0
5.39526e-05	0.0
0.021088904	0.0
0.0014618067	0.0
0.008374496	0.0
0.0028934982	0.0
0.0037548826	0.0
0.03892881	0.0
0.008205074	0.0
0.00061115506	0.0
0.00028856547	0.0
5.332586e-05	0.0
3.4669105e-05	0.0
8.923323e-05	0.0
0.017803807	0.0
0.043162223	0.0
8.4959545e-05	0.0
0.016166443	0.0
0.00043164316	0.0
0.00018651468	0.0
0.00011591435	0.0
0.00070058706	0.0
0.0042139003	0.0
5.5368153e-05	0.0
0.0011827385	0.0
0.0014497702	0.0
0.26232824	0.0
0.0040741055	0.0
0.44668037	0.0
0.0002660519	0.0
0.00071597804	0.0
0.17837517	0.0
0.0006914704	0.0
0.00035776972	0.0
0.020341164	0.0
0.0012897179	0.0
0.00029956293	0.0
0.00018330988	0.0
0.00083829474	0.0
8.3045394e-05	0.0
7.308242e-05	0.0
8.981273e-05	0.0
0.00016599007	0.0
0.0042380206	0.0
0.03485357	0.0
0.074667685	0.0
0.00028031165	0.0
0.00025873262	0.0
0.00015083284	0.0
2.8402324e-05	0.0
0.42721558	0.0
0.00013120075	0.0
3.5888308e-05	0.0
0.00011825627	0.0
0.0074333805	0.0
0.0002961716	0.0
0.00060533587	0.0
8.463538e-05	0.0
0.0010567709	0.0
0.00266413	0.0
0.023169402	0.0
0.0001576836	0.0
0.00031333297	0.0
0.00021008002	0.0
8.610458e-06	0.0
1.7180644e-05	0.0
0.023478419	0.0
0.3085377	0.0
0.015095104	0.0
0.0117521	0.0
0.5930883	0.0
0.16178155	0.0
0.0002558672	0.0
0.036441572	0.0
0.32374713	0.0
0.4687849	0.0
0.08298744	0.0
0.00032522215	0.0
0.045170028	0.0
0.0005268116	0.0
0.00028106265	0.0
0.0014114438	0.0
0.015897386	0.0
0.12778173	0.0
5.904627e-05	0.0
0.0005746033	0.0
7.694907e-05	0.0
8.289481e-06	0.0
0.6326255	0.0
0.30561614	0.0
0.00038729748	0.0
5.8994163e-05	0.0
0.00020576513	0.0
0.008824107	0.0
0.0011389909	0.0
0.009074981	0.0
0.00985784	0.0
0.00023200268	0.0
0.0011401683	0.0
0.00029794293	0.0
0.3730428	0.0
0.2559782	0.0
0.052218962	0.0
0.26659638	0.0
0.41090575	0.0
0.16807893	0.0
2.4838379e-05	0.0
0.00011042559	0.0
0.51118046	0.0
0.004521998	0.0
8.203027e-05	0.0
4.333458e-05	0.0
0.006474552	0.0
0.000150588	0.0
0.015239768	0.0
0.035288814	0.0
5.771399e-05	0.0
0.07100028	0.0
0.00073069445	0.0
0.007852961	0.0
0.014471824	0.0
0.0001081281	0.0
0.03675	0.0
0.08044968	0.0
0.00074147835	0.0
0.4842034	0.0
0.082672745	0.0
0.06942245	0.0
0.0006432919	0.0
0.48903313	0.0
0.19564413	0.0
0.5345059	0.0
0.00022082438	0.0
0.00023212295	0.0
0.00014218096	0.0
0.15267116	0.0
0.007936262	0.0
0.026112331	0.0
0.00022412503	0.0
0.21780883	0.0
0.00016377217	0.0
0.00039977022	0.0
0.022714842	0.0
0.00014218096	0.0
0.07075255	0.0
0.0041988175	0.0
0.66100067	0.0
3.5437722e-06	0.0
0.6771394	0.0
0.5313913	0.0
0.00019021831	0.0
0.00017368556	0.0
0.44209215	0.0
0.0009856658	0.0
0.0048063817	0.0
0.000117175456	0.0
3.088798e-05	0.0
0.019810235	0.0
0.00015518123	0.0
0.0075012553	0.0
0.0006066757	0.0
0.0011394661	0.0
3.6517053e-05	0.0
0.04023575	0.0
4.390225e-06	0.0
1.4665761e-05	0.0
7.8884994e-05	0.0
6.0802445e-06	0.0
0.06282595	0.0
0.0012475711	0.0
0.39683905	0.0
0.055051714	0.0
6.136722e-06	0.0
8.93071e-06	0.0
0.0029354282	0.0
6.6107816e-05	0.0
0.0143812625	0.0
0.0010227677	0.0
0.0011205737	0.0
0.023200726	0.0
0.13241373	0.0
0.04960641	0.0
0.0009839665	0.0
5.4570755e-05	0.0
0.2086418	0.0
0.0027839865	0.0
0.00042803586	0.0
2.9267516e-05	0.0
0.018390855	0.0
0.02444469	0.0
0.3175237	0.0
0.013358858	0.0
0.0038059053	0.0
0.07524814	0.0
0.005067985	0.0
0.5346684	0.0
0.0013285609	0.0
8.925601e-05	0.0
0.00046224587	0.0
0.3516136	0.0
0.00061184395	0.0
0.0026331104	0.0
0.9550075	0.0
0.04409186	0.0
0.016839456	0.0
0.2152919	0.0
0.008934262	0.0
7.3316914e-05	0.0
6.5752676e-05	0.0
0.47727594	0.0
0.050087787	0.0
0.015618073	0.0
0.0029508767	0.0
0.112017706	0.0
0.042888332	0.0
0.35008916	0.0
0.00010459784	0.0
0.16639504	0.0
0.0003106437	0.0
0.0020265735	0.0
0.00014723866	0.0
0.4326001	0.0
0.11631169	0.0
0.2998085	0.0
0.0009052629	0.0
0.010363447	0.0
0.2699686	0.0
0.0038129531	0.0
0.004654463	0.0
0.08852707	0.0
0.0009460635	0.0
0.16407278	0.0
4.5397577e-05	0.0
0.0017214895	0.0
0.00201803	0.0
0.060576882	0.0
0.0013663926	0.0
0.003460394	0.0
0.00022560559	0.0
0.00055703055	0.0
0.043386597	0.0
0.0021441916	0.0
0.2655258	0.0
0.0001271169	0.0
4.810455e-06	0.0
0.00034649647	0.0
0.0085963225	0.0
0.0034925179	0.0
0.00010460167	0.0
0.00023799801	0.0
0.49606428	0.0
0.0004765357	0.0
0.0030683405	0.0
0.9114267	0.0
0.30670223	0.0
0.00054488814	0.0
0.015466056	0.0
0.00028688938	0.0
6.077004e-05	0.0
0.0036931855	0.0
0.00016571196	0.0
0.029276038	0.0
4.1592768e-05	0.0
0.014904544	0.0
0.026467074	0.0
0.19541681	0.0
0.023826836	0.0
0.44793224	0.0
0.00012955979	0.0
0.00010837614	0.0
0.0002294551	0.0
0.02424562	0.0
0.09271964	0.0
0.00038538803	0.0
0.10587614	0.0
0.00015760148	0.0
0.39624926	0.0
0.026581347	0.0
0.0021324875	0.0
0.00014356877	0.0
0.0011718578	0.0
0.0002869734	0.0
0.01334346	0.0
0.00605235	0.0
0.0004968622	0.0
0.15820448	0.0
0.0005854249	0.0
0.00048011696	0.0
0.000323105	0.0
0.0036527321	0.0
0.0022174178	0.0
0.024361065	0.0
0.0043610907	0.0
0.67191666	0.0
6.761645e-05	0.0
0.0007730447	0.0
0.00015223496	0.0
0.0006104292	0.0
0.00026482646	0.0
0.0051061106	0.0
0.12586357	0.0
0.06901975	0.0
0.0031278126	0.0
0.0009955332	0.0
0.0011162603	0.0
0.2696524	0.0
0.0006075093	0.0
0.0017831499	0.0
0.0013048437	0.0
0.00032042628	0.0
6.820853e-05	0.0
0.3998048	0.0
0.3654431	0.0
0.15633035	0.0
0.0012426233	0.0
0.0033672021	0.0
0.06862331	0.0
0.97027606	0.0
2.342812e-05	0.0
0.20292316	0.0
0.00017848152	0.0
0.02983945	0.0
0.07235028	0.0
0.00031289944	0.0
0.02246343	0.0
0.22602248	0.0
0.012791638	0.0
0.25934312	0.0
0.24150161	0.0
0.0009147261	0.0
0.0063700243	0.0
0.21127598	0.0
0.12058003	0.0
1.5836884e-05	0.0
0.027252236	0.0
0.17451663	0.0
0.0010016866	0.0
0.06925725	0.0
0.0029959907	0.0
0.00018208	0.0
0.4044237	0.0
0.7906518	0.0
0.0024777588	0.0
0.007547258	0.0
0.50933915	0.0
0.0035827288	0.0
0.010208244	0.0
0.00036200197	0.0
0.0002152638	0.0
0.4433604	0.0
0.036990486	0.0
0.0340293	0.0
0.35630846	0.0
0.11770932	0.0
0.0016262062	0.0
0.0009471299	0.0
0.00025356692	0.0
0.0007061255	0.0
0.012152372	0.0
0.006584221	0.0
0.010979138	0.0
0.087095045	0.0
0.0026176341	0.0
0.004831664	0.0
0.84373695	0.0
0.009762624	0.0
0.04687979	0.0
0.036990486	0.0
0.00028839114	0.0
0.015073353	0.0
0.0006862436	0.0
0.0012384667	0.0
0.10681291	0.0
0.000801399	0.0
0.10161674	0.0
0.0020714325	0.0
0.0015473957	0.0
0.0011155735	0.0
0.013916777	0.0
0.00013009126	0.0
2.0245163e-05	0.0
3.837413e-05	0.0
0.00073929824	0.0
0.0031278126	0.0
0.0028741346	0.0
0.00040294594	0.0
0.0026136204	0.0
0.000274387	0.0
0.0874148	0.0
0.11559468	0.0
9.513988e-05	0.0
6.6002096e-05	0.0
0.00028071387	0.0
0.00023213371	0.0
0.024346804	0.0
0.015278692	0.0
0.01948698	0.0
0.6108391	0.0
0.07521526	0.0
0.13606887	0.0
0.2128915	0.0
0.00012588785	0.0
0.012811631	0.0
0.38402268	0.0
0.09510787	0.0
0.0018981798	0.0
0.25277382	0.0
0.46995226	0.0
0.011094184	0.0
0.65466696	0.0
7.3456205e-05	0.0
0.005377825	0.0
0.08363252	0.0
0.3012139	0.0
0.73746413	0.0
0.48146272	0.0
5.6276378e-05	0.0
0.00045198877	0.0
0.009750207	0.0
0.17988598	0.0
0.014917979	0.0
4.5943674e-05	0.0
0.00041667194	0.0
0.00020665427	0.0
5.6276378e-05	0.0
0.00011511133	0.0
0.00041697986	0.0
0.6237713	0.0
0.5239437	0.0
0.029655088	0.0
0.010790407	0.0
0.00034206538	0.0
0.0007339061	0.0
0.086177506	0.0
0.113626175	0.0
0.0021339816	0.0
0.00070533744	0.0
0.00044866954	0.0
6.4636304e-05	0.0
0.00021063304	0.0
7.107867e-05	0.0
0.0010003656	0.0
0.00018129555	0.0
0.000588528	0.0
0.041279156	0.0
0.0069493377	0.0
0.00010604894	0.0
0.0011404215	0.0
0.0002080176	0.0
0.000629215	0.0
0.00015338653	0.0
0.00014036454	0.0
0.00018423946	0.0
4.256937e-05	0.0
0.03097719	0.0
0.0010452861	0.0
6.196136e-05	0.0
0.054287028	0.0
5.1341103e-05	0.0
0.00010190027	0.0
0.0016250073	0.0
0.013522717	0.0
0.00038867645	0.0
0.018872205	0.0
0.00015486313	0.0
0.0012196847	0.0
0.0025959336	0.0
0.00049070443	0.0
0.006027791	0.0
0.00017690308	0.0
0.011383662	0.0
0.0008306725	0.0
0.001232424	0.0
0.0037180216	0.0
0.0004536741	0.0
0.008251611	0.0
0.012443399	0.0
0.015918015	0.0
0.00022556547	0.0
2.7331513e-05	0.0
3.283998e-05	0.0
0.11309774	0.0
5.2449654e-05	0.0
2.6592126e-05	0.0
0.41499862	0.0
0.027718548	0.0
0.11061894	0.0
0.30191308	0.0
0.00012481611	0.0
0.0035639263	0.0
0.009689571	0.0
0.017543076	0.0
0.08853853	0.0
0.82752544	0.0
0.003451443	0.0
0.0006717564	0.0
0.0024485015	0.0
0.00451518	0.0
0.002160085	0.0
0.00043089976	0.0
0.010098862	0.0
0.013246113	0.0
9.5792115e-05	0.0
0.0034178037	0.0
0.0042570033	0.0
0.19250023	0.0
0.1459091	0.0
3.502323e-05	0.0
0.0011128476	0.0
0.0017327865	0.0
0.17356001	0.0
2.4592955e-05	0.0
0.016713165	0.0
0.0020459255	0.0
3.584519e-05	0.0
0.26936635	0.0
0.39197394	0.0
0.0009264502	0.0
0.20690985	0.0
0.029043525	0.0
0.000120210105	0.0
0.0010016866	0.0
0.002576391	0.0
0.35192838	0.0
0.02685383	0.0
0.019574976	0.0
0.15088844	0.0
0.043273583	0.0
0.0014631854	0.0
0.08323715	0.0
0.027368564	0.0
0.0033932	0.0
0.22338116	0.0
0.0021203633	0.0
0.0013711784	0.0
0.044104267	0.0
0.001994858	0.0
0.012008769	0.0
0.24975713	0.0
0.0072211535	0.0
0.3112644	0.0
0.8807762	0.0
0.0001301289	0.0
0.001833983	0.0
0.17248122	0.0
0.25780946	0.0
0.01334346	0.0
0.7511784	0.0
0.003194121	0.0
0.00010383451	0.0
0.84563905	0.0
0.0005655674	0.0
0.0012801397	0.0
0.0008168459	0.0
0.00049928686	0.0
0.06780119	0.0
0.00024629082	0.0
0.007657741	0.0
0.19261931	0.0
0.057046868	0.0
0.0006497975	0.0
0.01855452	0.0
0.008908722	0.0
0.0446657	0.0
0.2629419	0.0
0.0022828907	0.0
0.0002697088	0.0
0.28850722	0.0
0.015520933	0.0
0.14082544	0.0
0.24438217	0.0
0.017339526	0.0
0.0019414312	0.0
0.08636388	0.0
0.106565416	1.0
0.32624593	1.0
0.8326219	1.0
0.37288398	1.0
0.7931577	1.0
0.40176636	1.0
0.3459536	1.0
0.47464132	1.0
0.16817148	1.0
0.76231545	1.0
0.72908604	1.0
0.073644176	1.0
0.3361439	1.0
0.17766903	1.0
0.3563358	1.0
0.5830931	1.0
0.42769957	1.0
0.53208894	1.0
0.86084694	1.0
0.7346517	1.0
0.45770103	1.0
0.45707512	1.0
0.30484042	1.0
0.015925774	1.0
0.67787963	1.0
0.24236035	1.0
0.06465563	1.0
0.03738329	1.0
0.57392687	1.0
0.19486311	1.0
0.4059033	1.0
0.33538648	1.0
0.00084731466	1.0
0.02963355	1.0
0.45106336	1.0
0.12856077	1.0
0.97417736	1.0
0.70272416	1.0
0.783549	1.0
0.2542602	1.0
0.083357714	1.0
0.44320652	1.0
0.00083363795	1.0
0.74097764	1.0
0.30843878	1.0
0.9408259	1.0
0.7003494	1.0
0.0009110076	1.0
0.030482853	1.0
0.0011170135	1.0
0.72175765	1.0
0.049621213	1.0
0.022545608	1.0
0.13538261	1.0
0.3896126	1.0
0.80917543	1.0
0.5616393	1.0
0.8828354	1.0
0.21629794	1.0
0.0021451458	1.0
0.055252302	1.0
0.0008463228	1.0
0.42661506	1.0
0.7345664	1.0
0.00075933646	1.0
0.0014828569	1.0
0.33089814	1.0
0.0035799516	1.0
0.069146715	1.0
0.6019963	1.0
0.65907854	1.0
0.0657404	1.0
0.41674772	1.0
0.5711078	1.0
0.16869596	1.0
0.55966103	1.0
0.6386394	1.0
0.9358887	1.0
0.78538126	1.0
0.0071224556	1.0
0.27602085	1.0
0.63014305	1.0
0.09775529	1.0
0.3715639	1.0
0.7668778	1.0
0.5418055	1.0
0.19482431	1.0
0.87381786	1.0
0.01349645	1.0
0.1378684	1.0
0.9376408	1.0
0.7377437	1.0
0.2892576	1.0
0.714184	1.0
0.66782427	1.0
0.09410997	1.0
0.009023358	1.0
0.61066	1.0
0.9524456	1.0
0.43497473	1.0
0.9522414	1.0
0.045335043	1.0
0.022082984	1.0
0.3534079	1.0
0.4901627	1.0
0.9631719	1.0
0.741589	1.0
0.11272984	1.0
0.35199258	1.0
0.65438396	1.0
0.10126978	1.0
0.3031781	1.0
0.57562196	1.0
0.103165366	1.0
0.112757124	1.0
0.10802219	1.0
0.078232795	1.0
0.0007245713	1.0
0.0006914053	1.0
0.183084	1.0
0.13591777	1.0
0.69978064	1.0
0.08593407	1.0
0.1486383	1.0
0.010381162	1.0
0.3344092	1.0
0.85117817	1.0
0.16327007	1.0
0.13721673	1.0
0.6756049	1.0
0.08494967	1.0
0.060743343	1.0
0.03285406	1.0
0.8044348	1.0
0.3164463	1.0
0.20657265	1.0
0.4420652	1.0
0.13993077	1.0
0.9837734	1.0
0.036640987	1.0
0.3415839	1.0
0.00015850742	1.0
0.43287134	1.0
0.6577341	1.0
0.052551556	1.0
0.085139595	1.0
0.06677653	1.0
0.09821349	1.0
0.92478865	1.0
0.6819262	1.0
0.92250794	1.0
0.0014814396	1.0
0.14454558	1.0
0.29545778	1.0
0.56029636	1.0
0.42976102	1.0
0.71866983	1.0
0.7965997	1.0
0.07050693	1.0
0.56327116	1.0
0.081462	1.0
0.44060025	1.0
0.64031404	1.0
0.24399595	1.0
0.04971538	1.0
0.8583111	1.0
0.053377237	1.0
0.51956075	1.0
0.1635888	1.0
0.6560346	1.0
0.30657995	1.0
0.03440869	1.0
0.042252466	1.0
0.2044841	1.0
0.23841105	1.0
0.08207515	1.0
0.086923234	1.0
0.08317611	1.0
0.43880787	1.0
0.7179275	1.0
0.64497274	1.0
0.83347553	1.0
0.9627307	1.0
0.6650463	1.0
0.44929233	1.0
0.75926226	1.0
0.91273946	1.0
0.9147226	1.0
0.49493995	1.0
