score	label
1.8331652e-05	0.0
1.0553339e-05	0.0
0.0011267011	0.0
4.2199055e-05	0.0
4.6021923e-05	0.0
0.0005281735	0.0
0.013825851	0.0
2.799509e-05	0.0
0.09628891	0.0
0.10448765	0.0
2.1330321e-05	0.0
1.8727957e-05	0.0
0.09527794	0.0
0.00024480678	0.0
0.048579004	0.0
0.09460747	0.0
0.0023224808	0.0
0.0069967047	0.0
0.004009241	0.0
0.2327183	0.0
0.9307917	0.0
0.013382557	0.0
0.26534304	0.0
5.6171366e-06	0.0
0.00016658803	0.0
0.004235327	0.0
0.83451605	0.0
0.008673744	0.0
0.0025738715	0.0
0.00010074007	0.0
5.2905625e-06	0.0
0.018545827	0.0
1.4111649e-05	0.0
9.494764e-06	0.0
0.047798622	0.0
0.020195791	0.0
7.9025245e-05	0.0
2.3008663e-05	0.0
0.0021079134	0.0
0.00013852264	0.0
2.3253213e-05	0.0
0.00022811121	0.0
0.00074711285	0.0
0.05694705	0.0
0.113525584	0.0
0.029559711	0.0
0.35065517	0.0
4.0937648e-05	0.0
0.00016017152	0.0
0.00907129	0.0
3.3953645e-06	0.0
4.56487e-05	0.0
3.3688466e-05	0.0
3.5753266e-05	0.0
0.00017650174	0.0
1.2591703e-06	0.0
0.0015642401	0.0
0.00187085	0.0
7.288107e-05	0.0
1.2340682e-06	0.0
0.07714472	0.0
0.00072158774	0.0
0.012794107	0.0
0.013539356	0.0
0.00056849624	0.0
0.043035768	0.0
0.00020856368	0.0
0.02238392	0.0
0.12830184	0.0
6.5363615e-06	0.0
3.053756e-05	0.0
9.637376e-05	0.0
6.871123e-07	0.0
2.814783e-06	0.0
0.00010492611	0.0
7.908427e-06	0.0
0.03573322	0.0
0.0016065984	0.0
0.0001327236	0.0
0.06952239	0.0
0.13883656	0.0
0.4186654	0.0
5.464241e-05	0.0
0.0020129087	0.0
0.00016017152	0.0
4.150995e-05	0.0
0.2213943	0.0
4.082228e-06	0.0
1.3605323e-05	0.0
1.162513e-05	0.0
0.002529425	0.0
0.0013822634	0.0
0.17748962	0.0
4.6580935e-05	0.0
2.9273548e-05	0.0
2.2601473e-05	0.0
0.00039903866	0.0
0.0056531546	0.0
0.0031872008	0.0
0.00018389228	0.0
0.004235327	0.0
1.1919201e-05	0.0
0.048579004	0.0
0.006031744	0.0
0.00037055448	0.0
0.11500913	0.0
0.14118789	0.0
0.00039433525	0.0
3.4111981e-06	0.0
6.6270195e-06	0.0
3.12626e-06	0.0
0.0006672593	0.0
0.00019066497	0.0
1.4733784e-05	0.0
5.311456e-05	0.0
0.4357647	0.0
7.6684955e-06	0.0
0.016073443	0.0
1.1769685e-05	0.0
4.0765495e-05	0.0
0.09294875	0.0
0.045022987	0.0
0.00066515617	0.0
0.0008389527	0.0
0.00083471305	0.0
4.3095515e-06	0.0
0.88625735	0.0
1.9781659e-05	0.0
2.0122841e-05	0.0
0.014132057	0.0
9.7396605e-06	0.0
6.435986e-05	0.0
0.09236405	0.0
0.030894343	0.0
0.0009807994	0.0
0.11515423	0.0
8.3700164e-05	0.0
0.0005864293	0.0
0.011646262	0.0
0.012462091	0.0
2.0026107e-06	0.0
2.732501e-06	0.0
1.6142372e-06	0.0
0.0018414076	0.0
0.00014185358	0.0
0.00056849624	0.0
6.1484798e-06	0.0
7.1369607e-07	0.0
2.1207577e-06	0.0
4.109747e-05	0.0
4.1032963e-06	0.0
0.00012101452	0.0
0.047534667	0.0
0.00051345257	0.0
0.13307321	0.0
0.013363569	0.0
0.05346744	0.0
1.5140588e-05	0.0
7.697468e-05	0.0
0.00244178	0.0
0.8327913	0.0
0.594203	0.0
1.9871213e-05	0.0
0.04908234	0.0
0.00086543505	0.0
0.00024774726	0.0
4.230643e-05	0.0
1.1462447e-05	0.0
1.2018498e-05	0.0
9.06714e-05	0.0
4.7247657e-05	0.0
0.005685006	0.0
0.005685006	0.0
4.4713273e-05	0.0
0.23971859	0.0
0.0034912338	0.0
0.35765228	0.0
9.565807e-05	0.0
0.029910846	0.0
2.0681822e-05	0.0
0.14623894	0.0
3.320594e-06	0.0
0.00038681747	0.0
5.1983166e-06	0.0
0.00033539385	0.0
0.000533647	0.0
0.00015419959	0.0
0.001691203	0.0
7.0199305e-05	0.0
0.029376343	0.0
0.016853463	0.0
0.0010730879	0.0
9.01673e-05	0.0
4.564141e-06	0.0
8.8568695e-06	0.0
1.0367157e-06	0.0
2.0957956e-05	0.0
0.045818444	0.0
1.2169982e-05	0.0
0.012905992	0.0
4.123792e-05	0.0
0.00021369067	0.0
0.00014309488	0.0
0.00016040355	0.0
0.09535863	0.0
0.0025595308	0.0
3.255461e-05	0.0
4.8021616e-06	0.0
1.3233456e-05	0.0
0.00011669826	0.0
7.282274e-05	0.0
0.0003620349	0.0
0.14181171	0.0
0.0006814684	0.0
0.00059453904	0.0
8.84183e-06	0.0
0.003987157	0.0
1.0835375e-05	0.0
0.00011236854	0.0
0.1656855	0.0
0.0026249716	0.0
2.4478852e-06	0.0
0.006750478	0.0
0.03337059	0.0
1.7704366e-05	0.0
0.057771396	0.0
0.11126597	0.0
3.7867073e-06	0.0
0.0020077478	0.0
0.23362742	0.0
2.8533244e-05	0.0
0.007124816	0.0
7.2788534e-05	0.0
0.00017522978	0.0
0.0008939632	0.0
6.667163e-05	0.0
9.055663e-06	0.0
0.019848093	0.0
0.015287346	0.0
0.0012426423	0.0
0.00017049967	0.0
0.00014192428	0.0
0.0006993662	0.0
1.7391663e-05	0.0
4.8528477e-06	0.0
2.212903e-05	0.0
3.156948e-05	0.0
0.009124855	0.0
0.007108649	0.0
0.000113967435	0.0
7.658432e-06	0.0
0.03529143	0.0
0.000106046464	0.0
5.7290403e-05	0.0
0.0002973862	0.0
3.5273188e-06	0.0
0.00011845853	0.0
0.039915763	0.0
3.1061933e-05	0.0
5.0046765e-06	0.0
0.0023220652	0.0
0.3617916	0.0
0.015101621	0.0
1.0316841e-05	0.0
3.7025868e-05	0.0
0.46416876	0.0
0.05605935	0.0
0.0014809568	0.0
4.438128e-05	0.0
7.144485e-05	0.0
0.024767436	0.0
0.008580549	0.0
0.002103161	0.0
0.8665399	0.0
0.00080412923	0.0
0.6452653	0.0
0.21707693	0.0
0.024195187	0.0
8.879974e-06	0.0
0.0008210311	0.0
0.09535377	0.0
0.7090302	0.0
0.0020252522	0.0
0.35634145	0.0
5.059673e-05	0.0
0.0014251176	0.0
8.821337e-05	0.0
0.0002185779	0.0
0.0015884693	0.0
0.007968238	0.0
0.00016130121	0.0
8.97479e-07	0.0
3.605094e-07	0.0
3.0926828e-06	0.0
1.00533025e-05	0.0
0.00043716803	0.0
0.008088185	0.0
1.0995801e-05	0.0
0.0100336475	0.0
0.0013714483	0.0
0.006964563	0.0
8.5756576e-05	0.0
0.3019533	0.0
0.09882868	0.0
0.051347543	0.0
0.31408343	0.0
0.009635744	0.0
0.08654743	0.0
0.00060669734	0.0
0.103908114	0.0
4.2517055e-05	0.0
0.002199525	0.0
0.0010411626	0.0
3.3984485e-05	0.0
0.00037892896	0.0
0.00386834	0.0
0.021452393	0.0
0.00010170139	0.0
0.00017622218	0.0
0.0038449639	0.0
0.005775895	0.0
0.113886856	0.0
0.0063510314	0.0
0.0001651761	0.0
0.53740644	0.0
1.1437291e-05	0.0
0.15224674	0.0
0.00035712277	0.0
0.08682629	0.0
0.059865892	0.0
0.0016204444	0.0
0.0138068795	0.0
0.3155329	0.0
1.4509156e-05	0.0
0.00017582873	0.0
0.028268991	0.0
2.0860389e-05	0.0
0.22322534	0.0
0.13115512	0.0
0.10383796	0.0
0.2932777	0.0
0.16236326	0.0
0.0010646329	0.0
0.0916264	0.0
0.0011115186	0.0
0.62843907	0.0
0.000114212045	0.0
9.528066e-06	0.0
8.164152e-05	0.0
0.4163384	0.0
0.00064793153	0.0
0.010070562	0.0
0.2060029	0.0
0.00033333164	0.0
0.0001547305	0.0
0.00013295314	0.0
6.905467e-06	0.0
0.00014479003	0.0
0.007882454	0.0
0.10676426	0.0
0.0002638504	0.0
0.028268991	0.0
0.0015579971	0.0
7.943413e-05	0.0
0.02982836	0.0
0.012316109	0.0
0.19242792	0.0
0.00035027033	0.0
2.4476807e-05	0.0
7.911137e-05	0.0
0.0034199373	0.0
0.07640659	0.0
0.00015218706	0.0
0.0017250376	0.0
0.13614136	0.0
3.2146763e-05	0.0
0.0003537262	0.0
0.0010903921	0.0
7.5237105e-05	0.0
0.0015946351	0.0
0.3502851	0.0
0.00016132386	0.0
0.39150354	0.0
0.002075846	0.0
0.19242792	0.0
0.0005594927	0.0
5.607293e-05	0.0
0.0013687201	0.0
5.0199906e-05	0.0
3.181713e-06	0.0
0.0011699961	0.0
0.00044167606	0.0
0.10532711	0.0
4.5964466e-06	0.0
6.5934314e-06	0.0
8.268441e-05	0.0
0.00061323313	0.0
0.00040491545	0.0
0.00026514108	0.0
4.8687078e-05	0.0
0.0018629351	0.0
0.014721747	0.0
4.2494336e-05	0.0
0.00026730602	0.0
3.375878e-05	0.0
0.44772425	0.0
0.020862615	0.0
0.7667527	0.0
0.019182188	0.0
0.02170959	0.0
0.00030587832	0.0
0.0029711574	0.0
0.00024169467	0.0
0.00063397276	0.0
4.8687078e-05	0.0
8.1735154e-05	0.0
9.0949405e-05	0.0
0.002214387	0.0
2.0791189e-05	0.0
0.001335716	0.0
6.5934314e-06	0.0
0.00025655644	0.0
0.0030678227	0.0
1.47847895e-05	0.0
3.8786813e-05	0.0
0.09300262	0.0
0.0027646672	0.0
0.025360182	0.0
0.012897627	0.0
0.00018397083	0.0
0.0013110719	0.0
1.6528273e-05	0.0
7.324078e-05	0.0
0.00027139037	0.0
0.00050948927	0.0
8.756621e-05	0.0
0.011457789	0.0
2.0227635e-05	0.0
0.057965916	0.0
0.026051505	0.0
0.46823627	0.0
0.0034445038	0.0
0.09305113	0.0
0.00034512338	0.0
0.00081012864	0.0
0.1589115	0.0
0.11058507	0.0
0.10207196	0.0
0.726631	0.0
0.00013380863	0.0
0.0013486214	0.0
3.0673507e-06	0.0
4.4988483e-05	0.0
6.936842e-07	0.0
0.008769958	0.0
0.03871433	0.0
0.00015286947	0.0
0.02160783	0.0
0.18073095	0.0
0.16236326	0.0
0.0007144229	0.0
0.0001531979	0.0
0.3659419	0.0
1.4899895e-05	0.0
0.27524847	0.0
1.47847895e-05	0.0
0.09107763	0.0
0.03353939	0.0
0.008655066	0.0
0.00026347983	0.0
7.5323645e-05	0.0
0.0006364238	0.0
0.0025451123	0.0
8.402573e-06	0.0
0.0026546044	0.0
0.003447522	0.0
0.00017570326	0.0
0.02042648	0.0
9.528066e-06	0.0
0.23756616	0.0
0.00029054345	0.0
0.004223481	0.0
8.2826795e-05	0.0
0.00026347983	0.0
0.003553828	0.0
1.068835e-05	0.0
0.05188197	0.0
0.05527391	0.0
1.1437291e-05	0.0
0.12076054	0.0
0.0015304826	0.0
0.0007431998	0.0
6.920956e-05	0.0
0.026847959	0.0
0.10676426	0.0
0.00015745974	0.0
0.0008641175	0.0
4.9031598e-05	0.0
0.00066716346	0.0
0.6461806	0.0
0.46664807	0.0
0.0009320183	0.0
0.00020398882	0.0
0.004195049	0.0
0.005254153	0.0
0.00022826628	0.0
0.5056611	0.0
0.22322534	0.0
0.00038272227	0.0
0.00083492807	0.0
0.04335416	0.0
1.885298e-05	0.0
0.002899168	0.0
0.4024231	0.0
0.014010096	0.0
0.023298038	0.0
0.033236787	0.0
0.0011717419	0.0
0.0059532705	0.0
0.0034435862	0.0
0.000114212045	0.0
0.0013988786	0.0
0.00033301007	0.0
7.86395e-05	0.0
0.013921717	0.0
0.0025451123	0.0
4.0061477e-05	0.0
0.6775599	0.0
0.010683777	0.0
8.940696e-06	0.0
3.0516068e-05	0.0
4.9366216e-05	0.0
7.209101e-05	0.0
0.00063397276	0.0
0.016973741	0.0
0.00023462738	0.0
4.8687078e-05	0.0
0.0019962327	0.0
4.5917383e-05	0.0
0.0042393324	0.0
0.0012176826	0.0
0.006113866	0.0
0.016754176	0.0
0.00017570326	0.0
0.22431703	0.0
0.004795669	0.0
0.0002670319	0.0
0.00015415139	0.0
0.726631	0.0
0.00025651124	0.0
0.04335416	0.0
0.000114212045	0.0
0.000100384874	0.0
0.0008734457	0.0
0.095857434	0.0
3.9876e-05	0.0
0.111020945	0.0
0.21944563	0.0
0.036883533	0.0
0.5306894	0.0
0.00016842759	0.0
0.06476351	0.0
0.011658381	0.0
4.041312e-05	0.0
0.0021078426	0.0
0.1491216	0.0
0.030258698	0.0
0.0009466616	0.0
0.0013346034	0.0
0.0029449866	0.0
0.0040361057	0.0
0.0869324	0.0
0.025725827	0.0
0.012463688	0.0
9.0949405e-05	0.0
0.0010387741	0.0
0.00066141825	0.0
0.0047268257	0.0
0.0001282777	0.0
1.1224079e-05	0.0
0.00025666712	0.0
0.008390227	0.0
0.0069113076	0.0
0.5974187	0.0
0.0021009564	0.0
0.0013553203	0.0
4.3868702e-05	0.0
4.134767e-06	0.0
0.0008796031	0.0
0.0031320725	0.0
0.00024328195	0.0
0.014494034	0.0
0.017744903	0.0
0.00014191773	0.0
0.0003483834	0.0
0.0007104045	0.0
0.0008734457	0.0
0.00019438275	0.0
1.0812937e-06	0.0
0.015423662	0.0
0.054293055	0.0
3.2146763e-05	0.0
0.07640659	0.0
0.052437603	0.0
0.1491216	0.0
0.01881416	0.0
0.00018173308	0.0
0.0013512949	0.0
0.0072816224	0.0
0.59344214	0.0
0.0037050587	0.0
0.0007575891	0.0
0.4827045	0.0
0.00020298474	0.0
0.0007733406	0.0
4.5256825e-06	0.0
0.003785805	0.0
0.342488	0.0
0.0001956217	0.0
5.9569407e-05	0.0
0.0006979005	0.0
0.0113681285	0.0
3.3266363e-06	0.0
0.000131435	0.0
0.0009466616	0.0
0.033018183	0.0
0.0002235457	0.0
0.001150764	0.0
0.0027365636	0.0
0.0009583587	0.0
0.00015761513	0.0
0.33664748	0.0
0.10199227	0.0
0.103320025	0.0
0.2901243	0.0
0.00024489613	0.0
7.0337323e-06	0.0
8.748026e-06	0.0
9.773418e-06	0.0
0.00046742978	0.0
1.705598e-05	0.0
4.858761e-05	0.0
0.00087709783	0.0
0.00032921677	0.0
0.91538936	0.0
1.4448703e-05	0.0
6.998758e-06	0.0
9.50153e-06	0.0
0.00011743194	0.0
3.0843632e-06	0.0
0.019649358	0.0
3.987764e-05	0.0
1.0467155e-06	0.0
2.1426915e-06	0.0
0.03871433	0.0
0.011590916	0.0
0.00017582873	0.0
0.0044957157	0.0
0.047670446	0.0
4.041312e-05	0.0
4.2921947e-05	0.0
2.742761e-05	0.0
0.00013699381	0.0
3.5042965e-05	0.0
6.4373876e-06	0.0
3.197086e-05	0.0
4.1688672e-05	0.0
0.004102341	0.0
0.4608522	0.0
0.00029054345	0.0
0.00046857886	0.0
0.016863195	0.0
1.4771968e-05	0.0
1.51067825e-05	0.0
0.0041020513	0.0
2.3658196e-05	0.0
0.0023038401	0.0
3.02635e-05	0.0
0.00083492807	0.0
0.0011300374	0.0
3.280987e-05	0.0
6.970364e-05	0.0
2.3047161e-05	0.0
6.3354106e-05	0.0
0.0022154865	0.0
0.16697608	0.0
0.042750027	0.0
4.041312e-05	0.0
0.16697608	0.0
0.06232015	0.0
0.00017370025	0.0
0.07939585	0.0
0.00041120077	0.0
1.91295e-06	0.0
7.315964e-06	0.0
0.008458856	0.0
0.4461638	0.0
0.21364836	0.0
0.0038449639	0.0
2.91823e-05	0.0
0.007883002	0.0
0.011219881	0.0
0.22397152	0.0
9.2424925e-05	0.0
0.0010284318	0.0
0.01136246	0.0
3.6494382e-06	0.0
0.021745576	0.0
0.31864402	0.0
0.022886133	0.0
0.003569442	0.0
0.00014873837	0.0
0.0007829939	0.0
0.0015702238	0.0
0.25580642	0.0
0.0059540453	0.0
0.4199247	0.0
0.0021770839	0.0
0.0011236719	0.0
0.00028388697	0.0
0.2517176	0.0
9.1565526e-05	0.0
5.168772e-06	0.0
9.157841e-06	0.0
8.805785e-05	0.0
0.028225169	0.0
1.3334989e-05	0.0
0.00083574274	0.0
0.036599737	0.0
7.129456e-05	0.0
0.032184895	0.0
6.5094678e-06	0.0
6.7136265e-05	0.0
0.0009894251	0.0
0.021477116	0.0
0.03489172	0.0
2.9009956e-05	0.0
0.21241546	0.0
0.4608522	0.0
0.087255314	0.0
0.104581095	0.0
0.00041105642	0.0
0.3781122	0.0
8.745624e-06	0.0
3.312895e-05	0.0
0.002997332	0.0
5.4008774e-06	0.0
0.027070228	0.0
0.0013289481	0.0
0.00093763595	0.0
7.098138e-05	0.0
0.00011898172	0.0
0.14029166	0.0
8.428038e-05	0.0
0.44772425	0.0
0.014200737	0.0
1.0107074e-06	0.0
0.0011449329	0.0
5.4622116e-05	0.0
0.001518574	0.0
4.8852202e-05	0.0
3.7931557e-05	0.0
9.056144e-05	0.0
0.00015745974	0.0
0.0033590843	0.0
0.0010739538	0.0
0.006457967	0.0
0.00022702129	0.0
0.00016099149	0.0
1.0837434e-05	0.0
9.380525e-05	0.0
0.49986553	0.0
0.00012832879	0.0
1.5857957e-05	0.0
0.09724932	0.0
0.00046096244	0.0
4.127885e-05	0.0
6.9412963e-06	0.0
0.0006240245	0.0
2.6087542e-05	0.0
0.08227826	0.0
0.16715544	0.0
6.043772e-05	0.0
2.3156314e-05	0.0
0.00043121912	0.0
1.1065115e-05	0.0
7.126007e-05	0.0
1.2653916e-05	0.0
0.00020147164	0.0
5.3083013e-06	0.0
2.1169533e-05	0.0
0.20209353	0.0
4.7006826e-05	0.0
0.0008641175	0.0
0.0029223019	0.0
6.420792e-05	0.0
5.7897207e-05	0.0
0.0011289073	0.0
6.2617786e-05	0.0
0.0010059316	0.0
0.00014192627	0.0
0.00020542748	0.0
4.080198e-05	0.0
0.331167	0.0
4.2494336e-05	0.0
0.39777926	0.0
0.00017397077	0.0
6.544234e-06	0.0
0.00019176494	0.0
0.0022783051	0.0
0.020043219	0.0
0.005739681	0.0
9.992969e-06	0.0
0.0006425741	0.0
0.0009933014	0.0
7.374779e-05	0.0
0.014494034	0.0
0.753355	0.0
1.1342764e-05	0.0
7.324078e-05	0.0
0.0017250747	0.0
0.00021199114	0.0
0.23992383	0.0
0.012014546	0.0
9.380525e-05	0.0
0.0007128145	0.0
2.501496e-05	0.0
0.000114685485	0.0
4.0281384e-06	0.0
6.047279e-05	0.0
0.005559198	0.0
2.7628144e-05	0.0
0.03454709	0.0
0.6000318	0.0
0.020398263	0.0
1.952367e-05	0.0
0.10691903	0.0
0.0002638504	0.0
4.7006826e-05	0.0
0.030919442	0.0
0.45519695	0.0
0.0007452135	0.0
6.012496e-06	0.0
0.0027406034	0.0
0.008864043	0.0
1.6835938e-05	0.0
0.00055000675	0.0
6.544234e-06	0.0
9.119456e-06	0.0
3.1292482e-05	0.0
0.00052255427	0.0
1.8827545e-07	0.0
1.0042089e-06	0.0
9.5830255e-05	0.0
1.2942165e-05	0.0
0.0003700168	0.0
7.694813e-07	0.0
1.1881192e-06	0.0
1.0076702e-05	0.0
1.6664192e-06	0.0
3.6086112e-07	0.0
2.7839244e-05	0.0
0.0005939528	0.0
1.5669937e-05	0.0
0.0046643573	0.0
2.4634941e-05	0.0
4.3055625e-06	0.0
1.2929983e-06	0.0
1.8642617e-05	0.0
1.1217234e-05	0.0
4.490341e-06	0.0
8.812103e-07	0.0
0.00012766419	0.0
8.762977e-06	0.0
6.787879e-07	0.0
3.062763e-05	0.0
6.1562736e-07	0.0
2.9916715e-05	0.0
3.3019326e-06	0.0
1.7832548e-06	0.0
2.3168298e-06	0.0
1.1891972e-06	0.0
0.0028127835	0.0
0.39364752	0.0
1.86814e-06	0.0
0.00010250771	0.0
9.915069e-05	0.0
1.9411389e-06	0.0
0.00045044138	0.0
1.8077159e-06	0.0
6.228946e-07	0.0
3.1703064e-07	0.0
1.5791699e-06	0.0
3.749733e-07	0.0
1.6719527e-07	0.0
4.905893e-05	0.0
2.0589847e-05	0.0
2.4086514e-05	0.0
1.1949935e-05	0.0
2.691215e-05	0.0
8.293737e-06	0.0
0.0026272198	0.0
2.6705272e-06	0.0
0.122095525	0.0
4.2336804e-05	0.0
5.7934663e-05	0.0
6.9431735e-06	0.0
1.1767276e-06	0.0
2.7682202e-06	0.0
4.8743323e-06	0.0
1.060031e-05	0.0
0.01571851	0.0
1.6861075e-05	0.0
2.3185429e-07	0.0
2.987495e-06	0.0
9.206429e-06	0.0
2.4659681e-05	0.0
7.73578e-07	0.0
6.336967e-06	0.0
1.5361059e-06	0.0
2.5321947e-07	0.0
1.7042232e-06	0.0
0.0005957811	0.0
0.00027372662	0.0
2.0175234e-05	0.0
1.9810257e-06	0.0
0.00026174812	0.0
3.7007932e-05	0.0
7.1288728e-06	0.0
1.8810633e-07	0.0
1.2621496e-06	0.0
5.8940523e-06	0.0
2.1177651e-05	0.0
2.6740058e-06	0.0
7.0202834e-05	0.0
4.5387995e-05	0.0
1.1666813e-05	0.0
3.4804868e-06	0.0
3.570486e-07	0.0
2.3695558e-05	0.0
1.7397095e-07	0.0
3.5391602e-07	0.0
3.031383e-06	0.0
6.381685e-07	0.0
0.0002963494	0.0
2.1078613e-06	0.0
0.0013889548	0.0
4.7671965e-05	0.0
1.6111799e-06	0.0
1.5998554e-05	0.0
2.975653e-07	0.0
1.7119991e-06	0.0
1.292243e-06	0.0
1.5590442e-07	0.0
1.5953331e-06	0.0
2.1779157e-07	0.0
4.7023906e-07	0.0
4.0635123e-07	0.0
8.4487266e-07	0.0
0.00021938128	0.0
6.1273236e-06	0.0
5.9628263e-07	0.0
4.6919286e-07	0.0
1.171118e-05	0.0
1.1064439e-05	0.0
0.00017889087	0.0
8.837277e-06	0.0
5.0993657e-07	0.0
1.3392007e-05	0.0
1.2340791e-06	0.0
4.5383044e-06	0.0
7.129186e-05	0.0
1.2241029e-06	0.0
9.056139e-05	0.0
2.0747798e-06	0.0
0.000110027184	0.0
2.4798564e-06	0.0
7.6188867e-06	0.0
3.014659e-06	0.0
6.596617e-06	0.0
3.6785934e-07	0.0
1.0490949e-06	0.0
6.646869e-05	0.0
0.00010474094	0.0
9.438768e-06	0.0
1.7467737e-07	0.0
1.8652678e-06	0.0
7.844446e-07	0.0
7.395061e-06	0.0
1.6761089e-06	0.0
3.1174966e-06	0.0
0.46080133	0.0
0.000104849205	0.0
0.00021732862	0.0
4.5284064e-06	0.0
1.2373457e-06	0.0
0.006772189	0.0
0.00015229847	0.0
0.0007080158	0.0
8.696259e-05	0.0
1.5062504e-06	0.0
1.4984541e-05	0.0
5.4947373e-06	0.0
9.5645555e-06	0.0
3.905276e-06	0.0
8.655802e-05	0.0
1.660458e-06	0.0
7.149512e-05	0.0
8.296197e-05	0.0
0.004215212	0.0
0.00022691491	0.0
0.0011840836	0.0
1.7745402e-05	0.0
0.000111073095	0.0
3.017763e-06	0.0
1.0351754e-06	0.0
1.5093125e-05	0.0
0.002021424	0.0
0.00083370414	0.0
2.9076962e-06	0.0
0.00011847926	0.0
0.019265395	0.0
3.9072785e-07	0.0
0.02953112	0.0
8.046665e-06	0.0
1.9079319e-07	0.0
1.0026834e-05	0.0
5.4698652e-05	0.0
1.7413231e-07	0.0
2.0733619e-07	0.0
3.2412663e-07	0.0
0.00020567708	0.0
1.1736923e-05	0.0
2.457699e-05	0.0
0.0008532067	0.0
7.0204137e-06	0.0
1.6778968e-05	0.0
5.289209e-05	0.0
0.00027621057	0.0
5.93423e-07	0.0
2.7674016e-06	0.0
1.1192119e-05	0.0
3.8772956e-07	0.0
5.319117e-06	0.0
1.4411434e-06	0.0
0.00015417987	0.0
9.5806945e-06	0.0
7.688622e-07	0.0
2.5986776e-05	0.0
0.00236906	0.0
0.0009145297	0.0
0.00015468786	0.0
3.8381248e-05	0.0
2.6018386e-05	0.0
1.1751895e-06	0.0
3.6820504e-07	0.0
1.2163762e-05	0.0
4.456029e-07	0.0
3.0207484e-06	0.0
1.6491513e-06	0.0
2.4124506e-07	0.0
7.988549e-06	0.0
0.0009934058	0.0
2.7823842e-06	0.0
2.2176474e-07	0.0
8.780157e-06	0.0
4.2946118e-05	0.0
3.1050874e-06	0.0
0.00061540824	0.0
2.7425474e-06	0.0
2.9985395e-05	0.0
3.951342e-06	0.0
2.9075347e-06	0.0
9.014999e-07	0.0
8.552785e-05	0.0
0.14133869	0.0
2.7608708e-05	0.0
2.8161292e-06	0.0
1.4000419e-05	0.0
5.723387e-06	0.0
2.9552534e-06	0.0
6.813561e-08	0.0
1.636419e-07	0.0
0.0051801982	0.0
0.0001057475	0.0
1.0683299e-05	0.0
2.3991232e-05	0.0
1.2220124e-06	0.0
1.5552583e-05	0.0
1.7354434e-06	0.0
6.976626e-06	0.0
3.8005855e-06	0.0
6.929339e-05	0.0
0.00079036393	0.0
1.7652243e-06	0.0
1.5348875e-06	0.0
2.2244785e-06	0.0
5.802767e-07	0.0
0.0034212787	0.0
4.866442e-06	0.0
4.8483944e-06	0.0
8.45365e-06	0.0
1.5780088e-05	0.0
1.7551737e-06	0.0
2.5063193e-06	0.0
1.1959186e-06	0.0
0.00077064533	0.0
1.148572e-05	0.0
0.089993015	0.0
4.4291332e-07	0.0
7.696761e-05	0.0
2.7113196e-05	0.0
2.9781319e-05	0.0
1.2399124e-05	0.0
4.819684e-07	0.0
3.049596e-06	0.0
4.8952843e-06	0.0
9.371697e-07	0.0
4.8799683e-07	0.0
2.1236033e-07	0.0
5.7691966e-07	0.0
7.959579e-06	0.0
5.5252926e-06	0.0
0.038324174	0.0
2.2184534e-07	0.0
8.1222237e-07	0.0
2.4634941e-05	0.0
2.9388102e-07	0.0
1.0557577e-05	0.0
1.1056646e-05	0.0
1.3455438e-05	0.0
1.9315667e-05	0.0
0.00012368178	0.0
8.801871e-07	0.0
1.5146226e-06	0.0
6.2404843e-06	0.0
3.9673816e-07	0.0
3.8009493e-06	0.0
7.31477e-06	0.0
1.844564e-06	0.0
7.787077e-06	0.0
8.0872286e-07	0.0
2.2405695e-06	0.0
7.847902e-07	0.0
8.509746e-07	0.0
6.9344183e-06	0.0
0.0014809568	0.0
0.00010804197	0.0
0.0002469918	0.0
1.4970683e-06	0.0
5.0705444e-07	0.0
8.4399944e-05	0.0
1.4286961e-07	0.0
6.016728e-06	0.0
1.0954715e-05	0.0
2.7716038e-05	0.0
4.1802745e-05	0.0
4.3459506e-05	0.0
4.0294476e-06	0.0
9.412593e-06	0.0
5.732007e-07	0.0
3.859583e-06	0.0
2.6667052e-05	0.0
1.0657959e-05	0.0
0.00066181313	0.0
3.9444835e-06	0.0
5.542671e-07	0.0
9.642323e-07	0.0
0.00014290171	0.0
0.0006431097	0.0
0.0035208997	0.0
5.519708e-06	0.0
0.00042016804	0.0
1.6910814e-06	0.0
2.8965258e-05	0.0
7.3312544e-06	0.0
1.7952918e-07	0.0
0.00032154852	0.0
1.0114832e-06	0.0
6.646169e-06	0.0
0.00013276434	0.0
0.0003734474	0.0
8.455885e-06	0.0
0.000108672946	0.0
7.441991e-05	0.0
9.5919204e-05	0.0
0.0072847637	0.0
1.22303845e-05	0.0
2.7262092e-06	0.0
2.4401659e-06	0.0
4.644265e-06	0.0
0.004310302	0.0
1.8373898e-05	0.0
2.5900533e-07	0.0
0.5282721	0.0
8.396902e-07	0.0
1.826592e-05	0.0
2.0349402e-05	0.0
2.1446964e-05	0.0
1.1515995e-05	0.0
2.9792278e-07	0.0
3.0779808e-07	0.0
2.4674994e-06	0.0
1.4929448e-06	0.0
2.1554258e-06	0.0
1.0947779e-06	0.0
2.834959e-05	0.0
1.7993403e-06	0.0
7.222672e-06	0.0
7.942903e-07	0.0
1.6680339e-06	0.0
3.2360174e-05	0.0
4.8921676e-05	0.0
1.269735e-06	0.0
2.6508465e-07	0.0
3.1726447e-07	0.0
1.70408e-05	0.0
0.04578955	0.0
1.0945419e-06	0.0
8.716571e-06	0.0
0.00045463303	0.0
0.00022961097	0.0
6.580245e-05	0.0
5.149744e-06	0.0
1.2772379e-05	0.0
2.9791815e-06	0.0
2.9738944e-06	0.0
4.74418e-07	0.0
6.572256e-05	0.0
3.2239022e-05	0.0
0.0044995127	0.0
2.0991567e-06	0.0
2.6413927e-05	0.0
3.052645e-05	0.0
0.00012388446	0.0
3.4527845e-06	0.0
3.774091e-07	0.0
1.1610257e-06	0.0
5.10836e-07	0.0
4.6977402e-07	0.0
0.0065197027	0.0
0.00090376654	0.0
0.002851723	0.0
1.1798248e-06	0.0
1.0677047e-06	0.0
2.9170951e-06	0.0
6.5170243e-06	0.0
3.2938628e-06	0.0
8.321878e-06	0.0
3.496182e-06	0.0
7.305544e-05	0.0
0.0003471747	0.0
1.160269e-05	0.0
2.546217e-07	0.0
1.2162938e-06	0.0
1.3632393e-07	0.0
2.5829488e-07	0.0
0.016859591	0.0
5.8264613e-05	0.0
9.833257e-07	0.0
0.00016205764	0.0
1.1906126e-05	0.0
5.980963e-07	0.0
0.004428144	0.0
3.1317097e-05	0.0
0.0016298846	0.0
5.1938855e-07	0.0
1.5402968e-05	0.0
9.10205e-05	0.0
0.005573554	0.0
3.4785026e-07	0.0
2.492018e-06	0.0
9.1164516e-08	0.0
4.5100446e-06	0.0
2.641999e-05	0.0
0.0008716454	0.0
5.051052e-05	0.0
2.7434564e-06	0.0
5.5172873e-06	0.0
7.1896403e-07	0.0
0.000118951895	0.0
3.6425908e-07	0.0
4.4707232e-07	0.0
2.1421592e-06	0.0
6.697273e-07	0.0
7.097103e-07	0.0
0.0042552575	0.0
2.44466e-06	0.0
1.6156598e-07	0.0
3.3007545e-06	0.0
8.172712e-07	0.0
7.380311e-07	0.0
3.7116722e-06	0.0
1.9501592e-06	0.0
5.931547e-06	0.0
1.6582256e-07	0.0
1.3816572e-05	0.0
3.6692006e-06	0.0
8.0158827e-07	0.0
5.9674215e-07	0.0
5.7451048e-06	0.0
2.1953147e-06	0.0
0.009121663	0.0
2.6575897e-06	0.0
4.550453e-06	0.0
2.3768487e-06	0.0
0.00012839246	0.0
3.0205372e-06	0.0
4.3731293e-06	0.0
7.8999965e-06	0.0
3.0175286e-06	0.0
4.5726583e-07	0.0
3.7968292e-07	0.0
5.7273436e-08	0.0
9.299357e-06	0.0
2.1485792e-05	0.0
1.4731617e-06	0.0
1.1596971e-06	0.0
1.49974685e-05	0.0
2.8410895e-07	0.0
7.491171e-07	0.0
1.529009e-05	0.0
1.4240375e-06	0.0
0.0011980279	0.0
3.3593792e-06	0.0
2.060342e-05	0.0
0.00094078743	0.0
2.0273917e-05	0.0
1.6380244e-06	0.0
1.4698535e-05	0.0
7.079697e-05	0.0
4.6896443e-07	0.0
4.916685e-06	0.0
7.266818e-05	0.0
2.5580507e-06	0.0
2.0396724e-06	0.0
9.965568e-07	0.0
0.0004971376	0.0
5.7721736e-06	0.0
2.3424382e-06	0.0
2.6071963e-05	0.0
0.0020651454	0.0
4.141065e-07	0.0
1.4683209e-06	0.0
7.32153e-05	0.0
9.213721e-07	0.0
5.691673e-07	0.0
2.4196494e-05	0.0
6.256352e-06	0.0
7.2469746e-05	0.0
8.6996545e-07	0.0
1.9919835e-05	0.0
2.7657461e-05	0.0
9.654044e-07	0.0
2.3295978e-07	0.0
3.3763438e-06	0.0
2.5590702e-05	0.0
1.5382853e-06	0.0
4.883625e-06	0.0
7.1706194e-07	0.0
0.026058063	0.0
9.922668e-07	0.0
2.544401e-05	0.0
0.0006725637	0.0
1.5468752e-06	0.0
0.0006576936	0.0
1.8715763e-06	0.0
0.012586044	0.0
1.4288307e-07	0.0
1.7904975e-07	0.0
5.0932175e-07	0.0
0.00046724663	0.0
6.645064e-07	0.0
1.0328721e-06	0.0
0.0051154112	0.0
0.0041517755	0.0
7.946136e-06	0.0
0.0035652523	0.0
4.841822e-06	0.0
1.1452183e-06	0.0
7.7251764e-07	0.0
3.3178327e-07	0.0
2.9062022e-07	0.0
1.049816e-06	0.0
0.0001692103	0.0
0.0002479657	0.0
3.0846248e-05	0.0
0.0028593556	0.0
5.5523805e-07	0.0
1.3320451e-05	0.0
0.002905009	0.0
6.1115185e-07	0.0
5.9944206e-05	0.0
2.7183667e-06	0.0
5.0110313e-05	0.0
1.8200177e-06	0.0
5.3862954e-07	0.0
5.3354e-07	0.0
9.510457e-06	0.0
2.427004e-06	0.0
1.3383261e-06	0.0
3.4675127e-06	0.0
1.5337142e-06	0.0
1.3676096e-05	0.0
1.6578226e-06	0.0
7.211923e-06	0.0
5.190924e-07	0.0
0.00057555584	0.0
3.5319098e-07	0.0
1.957298e-05	0.0
4.1290943e-07	0.0
0.017940855	0.0
5.0137623e-06	0.0
8.566663e-06	0.0
1.2377825e-05	0.0
0.00017179552	0.0
5.188095e-05	0.0
0.003908117	0.0
0.7314007	0.0
0.0008001498	0.0
0.0024929466	0.0
1.1595965e-05	0.0
0.000624238	0.0
0.00018864164	0.0
8.5212133e-07	0.0
1.4219777e-06	0.0
7.141701e-05	0.0
0.17118497	0.0
3.5297515e-05	0.0
0.067452125	0.0
3.0726127e-07	0.0
5.7868233e-06	0.0
1.4794103e-06	0.0
1.8185065e-06	0.0
2.2795818e-06	0.0
0.6682144	0.0
1.1293786e-06	0.0
2.2150778e-06	0.0
1.5697542e-05	0.0
8.3559244e-05	0.0
2.2684503e-06	0.0
7.994465e-06	0.0
0.0007293524	0.0
4.2361987e-07	0.0
3.0626157e-07	0.0
0.00012783724	0.0
0.0032231126	0.0
1.23720665e-05	0.0
2.1395035e-06	0.0
5.514748e-07	0.0
3.1563226e-07	0.0
9.607455e-07	0.0
1.5030217e-06	0.0
9.445034e-05	0.0
2.0072364e-05	0.0
0.0005568184	0.0
0.00010007435	0.0
0.19620948	0.0
1.7378565e-06	0.0
7.065124e-07	0.0
1.7231614e-06	0.0
1.3293502e-05	0.0
8.4168624e-07	0.0
9.307679e-07	0.0
5.2205865e-05	0.0
0.0015691068	0.0
2.6247462e-05	0.0
3.888988e-06	0.0
1.1503283e-06	0.0
6.0024642e-05	0.0
1.1146388e-05	0.0
6.7087075e-07	0.0
3.306853e-06	0.0
1.3553683e-06	0.0
1.4041365e-07	0.0
6.3512397e-07	0.0
0.0001974755	0.0
2.5013683e-06	0.0
9.912322e-06	0.0
6.099539e-07	0.0
4.409863e-06	0.0
6.4435136e-07	0.0
1.9923973e-05	0.0
3.92778e-07	0.0
6.6437074e-06	0.0
5.2612013e-06	0.0
5.831507e-07	0.0
5.371301e-06	0.0
0.6157089	0.0
3.0248479e-05	0.0
4.5620487e-05	0.0
1.1070863e-05	0.0
4.1259614e-06	0.0
7.103642e-05	0.0
2.8079444e-06	0.0
6.950949e-05	0.0
0.0004114531	0.0
3.5840105e-06	0.0
2.5656436e-05	0.0
2.1451264e-05	0.0
0.28180048	0.0
0.00027515274	0.0
2.6259706e-06	0.0
2.4630348e-05	0.0
2.1757438e-05	0.0
1.6168353e-06	0.0
0.0008169419	0.0
1.1199344e-05	0.0
3.156536e-06	0.0
2.6516634e-07	0.0
0.0020424665	0.0
0.008972196	0.0
2.6033924e-06	0.0
0.0002924739	0.0
1.4958644e-05	0.0
1.2855155e-06	0.0
1.3108455e-06	0.0
0.0016833749	0.0
1.9617141e-06	0.0
0.00028515328	0.0
8.377508e-06	0.0
1.6873172e-06	0.0
1.9441191e-07	0.0
1.2746368e-06	0.0
6.090261e-06	0.0
1.0645117e-06	0.0
0.00017445713	0.0
7.1612676e-06	0.0
0.00021191026	0.0
8.596686e-06	0.0
9.795486e-07	0.0
7.725278e-07	0.0
9.758567e-07	0.0
0.00010562154	0.0
9.281939e-07	0.0
0.0010337459	0.0
9.634908e-07	0.0
2.2361544e-06	0.0
3.6314992e-05	0.0
7.0275695e-05	0.0
0.00032507	0.0
1.0585717e-05	0.0
1.154526e-06	0.0
1.1744713e-05	0.0
1.0019683e-06	0.0
0.0005380801	0.0
0.008716704	0.0
0.15847073	0.0
1.3495708e-05	0.0
0.0008272887	0.0
0.0013446262	0.0
3.1686657e-06	0.0
8.192669e-05	0.0
3.3011972e-06	0.0
4.658193e-05	0.0
3.1989239e-06	0.0
0.016813356	0.0
6.343584e-07	0.0
6.2286213e-06	0.0
9.698682e-07	0.0
5.342339e-07	0.0
2.3338878e-06	0.0
1.1716987e-05	0.0
0.0005017542	0.0
1.7780365e-05	0.0
7.0640664e-05	0.0
1.7409444e-05	0.0
8.565561e-05	0.0
1.2909644e-06	0.0
8.48362e-06	0.0
7.1612676e-06	0.0
6.73802e-05	0.0
1.9069936e-06	0.0
6.482104e-07	0.0
2.3560444e-05	0.0
0.18489546	0.0
2.3391663e-05	0.0
4.112632e-06	0.0
3.614833e-07	0.0
6.2679686e-07	0.0
4.7337286e-07	0.0
1.3989839e-05	0.0
1.6809325e-06	0.0
1.2937901e-06	0.0
3.1024822e-06	0.0
3.732818e-06	0.0
4.9272512e-05	0.0
0.0038834717	0.0
1.4726225e-05	0.0
0.05948022	0.0
0.00016505874	0.0
2.6153864e-06	0.0
9.949473e-07	0.0
7.5631224e-06	0.0
3.2820213e-07	0.0
3.4986576e-07	0.0
4.0471923e-06	0.0
7.513195e-05	0.0
1.8989813e-06	0.0
4.996309e-06	0.0
8.490485e-07	0.0
6.0694497e-06	0.0
1.7148643e-06	0.0
0.26972324	0.0
1.2250368e-06	0.0
5.578746e-07	0.0
2.7019618e-07	0.0
9.063527e-07	0.0
1.787459e-07	0.0
3.3177814e-06	0.0
1.3076984e-05	0.0
4.1194367e-06	0.0
3.3045446e-06	0.0
3.528094e-06	0.0
0.0012030338	0.0
5.9883484e-07	0.0
0.004346264	0.0
0.011335501	0.0
0.001083779	0.0
1.941082e-06	0.0
2.5126601e-05	0.0
3.505352e-05	0.0
3.329679e-06	0.0
5.888212e-06	0.0
5.642829e-07	0.0
9.434257e-05	0.0
2.552226e-06	0.0
1.7800584e-06	0.0
1.6519392e-06	0.0
3.439226e-05	0.0
8.716189e-06	0.0
3.7060454e-06	0.0
5.135315e-06	0.0
1.2471958e-05	0.0
5.663123e-06	0.0
0.00013718709	0.0
0.00047419776	0.0
0.000101848585	0.0
0.006515456	0.0
7.107953e-07	0.0
4.656488e-06	0.0
0.0011829302	0.0
2.5846336e-06	0.0
2.9251169e-05	0.0
4.0274162e-07	0.0
0.0003884495	0.0
3.0109385e-07	0.0
1.9138872e-05	0.0
6.580515e-06	0.0
3.781381e-07	0.0
2.2150778e-06	0.0
2.5249037e-07	0.0
1.2757896e-05	0.0
2.5718584e-05	0.0
2.3175069e-06	0.0
7.513898e-05	0.0
3.9796152e-05	0.0
0.0004234295	0.0
1.8478697e-07	0.0
6.350009e-07	0.0
1.0858107e-05	0.0
2.3480936e-06	0.0
1.6078608e-06	0.0
0.00011805505	0.0
4.575734e-06	0.0
1.456859e-06	0.0
1.1182853e-05	0.0
9.108458e-06	0.0
5.779372e-07	0.0
3.8841913e-06	0.0
3.762336e-07	0.0
5.0605882e-05	0.0
0.00014781245	0.0
2.9230384e-07	0.0
2.6408432e-05	0.0
2.5402036e-05	0.0
0.00042375881	0.0
0.00078712584	0.0
1.5755923e-05	0.0
5.589955e-07	0.0
3.5375267e-06	0.0
1.8134817e-06	0.0
9.780178e-06	0.0
2.356218e-06	0.0
1.1260056e-06	0.0
2.6459358e-07	0.0
6.113003e-07	0.0
1.1437163e-06	0.0
3.8137603e-06	0.0
1.2246148e-06	0.0
2.6722822e-07	0.0
8.413712e-07	0.0
1.8822942e-06	0.0
5.607953e-06	0.0
3.1537948e-06	0.0
7.77399e-05	0.0
7.194535e-05	0.0
1.086994e-06	0.0
5.18328e-07	0.0
5.119264e-07	0.0
4.2008805e-06	0.0
4.5860315e-07	0.0
7.444801e-06	0.0
1.3837186e-05	0.0
1.7033437e-05	0.0
6.203794e-06	0.0
3.4425182e-06	0.0
0.0031901435	0.0
1.7885877e-07	0.0
9.669226e-06	0.0
2.5734935e-06	0.0
6.332463e-07	0.0
1.461306e-05	0.0
4.3088858e-07	0.0
3.6998714e-05	0.0
2.4610426e-07	0.0
1.302192e-07	0.0
9.871297e-08	0.0
0.18954183	1.0
0.0063538565	1.0
0.017722813	1.0
0.0566324	1.0
0.6579373	1.0
0.39726135	1.0
0.9191222	1.0
0.0032832238	1.0
0.45792347	1.0
0.00016097564	1.0
0.17992066	1.0
0.9292801	1.0
0.3673975	1.0
2.2693965e-05	1.0
0.0001208985	1.0
0.2854537	1.0
0.12640867	1.0
0.0031042274	1.0
0.0038876634	1.0
0.015696386	1.0
0.123919465	1.0
0.005678281	1.0
0.08962102	1.0
0.009653401	1.0
0.00087762234	1.0
0.02167542	1.0
0.0019080027	1.0
0.4049234	1.0
0.062773384	1.0
0.63406175	1.0
0.038855787	1.0
0.037542015	1.0
0.0652308	1.0
2.391494e-05	1.0
0.30056053	1.0
3.1305586e-05	1.0
0.001132085	1.0
0.0002126977	1.0
0.04338705	1.0
0.49124375	1.0
0.024151647	1.0
0.0043016537	1.0
0.01515945	1.0
0.73984855	1.0
0.030804921	1.0
0.00013758402	1.0
0.0004912972	1.0
0.47803956	1.0
0.00041070758	1.0
0.0370869	1.0
3.2181244e-05	1.0
0.014430219	1.0
0.57589525	1.0
0.84534496	1.0
0.1488684	1.0
0.7708197	1.0
0.7496049	1.0
0.16996007	1.0
3.3350017e-05	1.0
0.00019220142	1.0
0.59297055	1.0
0.9539301	1.0
0.024145862	1.0
0.43950015	1.0
0.0010169888	1.0
0.11729368	1.0
0.00055371085	1.0
0.014537901	1.0
2.1907266e-05	1.0
0.00020326673	1.0
0.0007097197	1.0
1.5053486e-06	1.0
0.963078	1.0
0.4693782	1.0
0.0087135425	1.0
0.68263245	1.0
0.20444761	1.0
5.5546243e-05	1.0
0.94133866	1.0
0.00044329147	1.0
0.042386163	1.0
0.0052769403	1.0
0.0783108	1.0
0.00020131317	1.0
0.7243102	1.0
0.21002066	1.0
0.77969706	1.0
0.8822934	1.0
1.02587355e-05	1.0
0.3209855	1.0
0.58382267	1.0
0.8450308	1.0
0.1316519	1.0
0.674663	1.0
3.3531487e-06	1.0
0.9367076	1.0
0.08692747	1.0
0.0034409915	1.0
0.012315049	1.0
6.2395346e-05	1.0
0.016349083	1.0
0.036582578	1.0
0.41624188	1.0
0.0131121725	1.0
0.6789433	1.0
0.90158385	1.0
0.8885236	1.0
0.9457394	1.0
0.17106931	1.0
0.045464408	1.0
0.2243673	1.0
0.31674373	1.0
0.8947474	1.0
0.8225201	1.0
0.93257236	1.0
0.91302186	1.0
0.23949385	1.0
0.01209569	1.0
0.0137838265	1.0
0.22026277	1.0
0.52828854	1.0
0.0030418234	1.0
0.46433026	1.0
0.8494774	1.0
0.071894154	1.0
0.16712056	1.0
0.94505894	1.0
0.054620888	1.0
0.0021651238	1.0
0.0002704356	1.0
0.8304229	1.0
0.0030998518	1.0
0.29984137	1.0
0.46572027	1.0
0.012043607	1.0
0.0070752087	1.0
0.11173613	1.0
0.8209144	1.0
0.7419647	1.0
0.94622487	1.0
0.000323704	1.0
0.5514175	1.0
0.9501384	1.0
0.016257232	1.0
0.0003047825	1.0
0.41949797	1.0
0.00022382806	1.0
7.46331e-06	1.0
0.0021115907	1.0
0.38760653	1.0
0.6688763	1.0
0.009566505	1.0
0.14196764	1.0
0.6788818	1.0
2.720859e-06	1.0
0.0011644441	1.0
0.90197957	1.0
0.30190167	1.0
0.41605744	1.0
0.21461034	1.0
0.008072426	1.0
0.32366312	1.0
0.95605147	1.0
0.23183337	1.0
0.3002933	1.0
0.16157539	1.0
0.0003824154	1.0
0.1541934	1.0
0.60519534	1.0
0.026660899	1.0
0.2736312	1.0
0.0059591616	1.0
0.058109637	1.0
0.00025008045	1.0
0.19204892	1.0
0.9845765	1.0
0.879306	1.0
0.00084430305	1.0
0.041405886	1.0
0.76704305	1.0
0.34724116	1.0
0.8624202	1.0
0.51840514	1.0
0.107996695	1.0
0.009914505	1.0
0.23057227	1.0
0.49269587	1.0
0.21048899	1.0
0.53486276	1.0
0.9951317	1.0
0.3479695	1.0
0.06714036	1.0
0.88965744	1.0
0.17554083	1.0
0.008362637	1.0
0.8926053	1.0
0.40086165	1.0
0.0009899338	1.0
0.072328456	1.0
0.006366248	1.0
2.055548e-05	1.0
0.033131517	1.0
0.7765965	1.0
0.00017613458	1.0
7.4477844e-05	1.0
0.7640135	1.0
0.83580124	1.0
0.0019114893	1.0
8.920875e-05	1.0
0.67976105	1.0
5.200701e-06	1.0
0.86832184	1.0
0.0013092811	1.0
0.9572722	1.0
0.8409502	1.0
0.5368727	1.0
0.26537916	1.0
0.20659791	1.0
0.028326897	1.0
0.6619328	1.0
0.0059616007	1.0
0.070631996	1.0
0.094481535	1.0
0.98410654	1.0
1.42106965e-05	1.0
0.25883916	1.0
0.051006544	1.0
0.00011329199	1.0
0.41455433	1.0
0.00024835143	1.0
0.54404527	1.0
5.4897962e-05	1.0
0.63055044	1.0
0.9720518	1.0
0.038385395	1.0
0.9717602	1.0
0.5024206	1.0
0.01305328	1.0
0.04595485	1.0
0.92320865	1.0
0.0021092503	1.0
0.80184907	1.0
0.681662	1.0
6.744629e-05	1.0
0.37871775	1.0
0.5058941	1.0
0.025164193	1.0
0.046815377	1.0
0.00015888257	1.0
0.06015226	1.0
0.62153745	1.0
0.33136672	1.0
0.83898604	1.0
0.024246162	1.0
0.015877811	1.0
0.04322225	1.0
0.5592228	1.0
0.037877534	1.0
3.3268505e-05	1.0
0.00014510246	1.0
0.49893332	1.0
0.7007524	1.0
6.852898e-05	1.0
0.9287929	1.0
0.55615026	1.0
0.00018350966	1.0
0.53283453	1.0
0.0011696214	1.0
0.000618721	1.0
0.00019719289	1.0
0.2376719	1.0
0.10849025	1.0
0.63190764	1.0
4.1621555e-05	1.0
0.31505537	1.0
8.797159e-05	1.0
0.9439335	1.0
7.4608826e-05	1.0
0.14561892	1.0
0.00035322327	1.0
0.017039426	1.0
2.8983592e-05	1.0
7.010004e-05	1.0
0.049327876	1.0
0.39859504	1.0
0.020526856	1.0
0.49109945	1.0
6.764778e-05	1.0
0.02890793	1.0
6.20527e-06	1.0
