score	label
4.1957526e-05	0.0
9.981321e-06	0.0
0.11010112	0.0
1.2506658e-05	0.0
4.0153314e-05	0.0
0.00048370022	0.0
0.020919623	0.0
8.355845e-06	0.0
0.09320419	0.0
0.28779623	0.0
9.85631e-06	0.0
2.3957551e-05	0.0
0.16707125	0.0
0.0002493295	0.0
0.2222176	0.0
0.03248389	0.0
0.002668079	0.0
0.005185719	0.0
0.06576166	0.0
0.12803677	0.0
0.9748718	0.0
0.010657458	0.0
0.27444398	0.0
3.6252047e-06	0.0
4.794217e-05	0.0
4.7920006e-05	0.0
0.98305035	0.0
0.00041698624	0.0
0.0020406905	0.0
3.5598332e-05	0.0
2.69581e-06	0.0
0.0010946855	0.0
8.25451e-06	0.0
6.914806e-06	0.0
0.5442386	0.0
0.06642764	0.0
5.086256e-05	0.0
6.6745247e-06	0.0
0.002800013	0.0
2.83618e-05	0.0
0.0006103831	0.0
4.1844567e-05	0.0
0.0012319615	0.0
0.045754503	0.0
0.27180532	0.0
0.16939163	0.0
0.7729691	0.0
5.8370737e-05	0.0
7.1171984e-05	0.0
0.3885012	0.0
7.4110044e-06	0.0
7.195965e-05	0.0
2.3793136e-05	0.0
4.1022176e-05	0.0
0.0003359956	0.0
8.287679e-07	0.0
0.03453016	0.0
0.04879785	0.0
1.0000305e-05	0.0
5.596558e-07	0.0
0.09057091	0.0
0.0013958184	0.0
0.0011158542	0.0
0.0033294403	0.0
0.0042416453	0.0
0.016677124	0.0
0.004105613	0.0
0.32329047	0.0
0.2558219	0.0
6.800599e-06	0.0
0.00013558025	0.0
0.021598086	0.0
1.1362239e-06	0.0
0.000102735605	0.0
0.00024542658	0.0
3.4920192e-06	0.0
0.14276414	0.0
0.0013121549	0.0
0.00046172095	0.0
0.06215268	0.0
0.1210586	0.0
0.24261402	0.0
5.1780803e-06	0.0
0.031223267	0.0
7.1171984e-05	0.0
0.00032280278	0.0
0.08727246	0.0
1.6131752e-06	0.0
6.168753e-06	0.0
6.670693e-05	0.0
0.0038795248	0.0
0.0013489288	0.0
0.16108344	0.0
0.0002677735	0.0
1.1442442e-05	0.0
6.592495e-06	0.0
0.0007076089	0.0
0.113923326	0.0
0.17597345	0.0
0.0033642023	0.0
4.7920006e-05	0.0
1.5637848e-05	0.0
0.2222176	0.0
0.0040619434	0.0
2.0669442e-05	0.0
0.31723747	0.0
0.1907152	0.0
0.0034022161	0.0
5.608095e-06	0.0
4.786806e-05	0.0
1.0979263e-05	0.0
0.00014836171	0.0
8.525411e-05	0.0
3.890052e-05	0.0
3.1274e-05	0.0
0.5489692	0.0
4.1965013e-06	0.0
0.24790607	0.0
9.556791e-06	0.0
0.00010378166	0.0
0.24410568	0.0
0.06942861	0.0
0.0019127218	0.0
0.0013998846	0.0
8.521017e-05	0.0
1.7442692e-06	0.0
0.8227968	0.0
5.75848e-06	0.0
5.8988215e-05	0.0
0.035331525	0.0
3.6367671e-06	0.0
0.00011833351	0.0
0.42679688	0.0
0.011276148	0.0
8.423358e-05	0.0
0.034780342	0.0
3.866381e-05	0.0
0.00031125578	0.0
0.0043574525	0.0
0.10713308	0.0
1.12029e-06	0.0
2.2707634e-06	0.0
1.5364252e-06	0.0
0.0019200739	0.0
0.00033208716	0.0
0.0042416453	0.0
1.5737336e-05	0.0
2.5792394e-06	0.0
0.00015248923	0.0
1.8971015e-05	0.0
1.5449347e-06	0.0
0.00012292725	0.0
0.078422636	0.0
0.00022570869	0.0
0.032186884	0.0
5.5517623e-05	0.0
0.008740532	0.0
1.7835735e-05	0.0
6.889889e-05	0.0
0.0009007579	0.0
0.9273705	0.0
0.9404144	0.0
2.0481093e-05	0.0
0.048946407	0.0
0.00038739777	0.0
4.0376763e-05	0.0
3.636707e-05	0.0
7.143096e-06	0.0
4.285843e-06	0.0
4.2324973e-05	0.0
0.00026889544	0.0
0.25846693	0.0
0.25846693	0.0
6.739539e-06	0.0
0.31332168	0.0
0.00045063058	0.0
0.3424032	0.0
9.115552e-06	0.0
0.20835678	0.0
7.963116e-05	0.0
0.08708974	0.0
2.2396903e-06	0.0
2.353666e-05	0.0
8.1055606e-07	0.0
6.319094e-05	0.0
0.006770346	0.0
0.0005393175	0.0
0.004950881	0.0
0.00057075795	0.0
0.29582754	0.0
0.06149384	0.0
0.0003080953	0.0
2.8678813e-05	0.0
7.4767386e-06	0.0
9.714692e-05	0.0
2.1339984e-06	0.0
4.7350295e-06	0.0
0.45432445	0.0
8.016197e-06	0.0
0.1581836	0.0
3.0231036e-05	0.0
0.00021131434	0.0
5.4871547e-05	0.0
0.0014732075	0.0
0.055735376	0.0
0.004319482	0.0
7.95096e-05	0.0
0.0006822392	0.0
7.515926e-05	0.0
0.0002728221	0.0
0.00011133286	0.0
0.0074405596	0.0
0.346906	0.0
0.0032058656	0.0
0.0029154492	0.0
1.210048e-06	0.0
0.0009974842	0.0
8.902308e-05	0.0
8.296955e-05	0.0
0.046026405	0.0
0.005459755	0.0
2.562174e-06	0.0
0.018305965	0.0
0.17660303	0.0
8.2920915e-06	0.0
0.0894843	0.0
0.14302208	0.0
4.347913e-06	0.0
0.016503772	0.0
0.29147586	0.0
0.00010872119	0.0
0.14139056	0.0
5.9610327e-05	0.0
0.00040789074	0.0
0.43474427	0.0
0.00038018692	0.0
3.2556756e-05	0.0
0.62658805	0.0
0.22986822	0.0
0.02323377	0.0
0.00057817315	0.0
0.0019304988	0.0
0.005041224	0.0
3.7001494e-06	0.0
4.8528777e-06	0.0
4.1766627e-05	0.0
0.00013384796	0.0
0.004347078	0.0
0.20606957	0.0
0.0001905827	0.0
2.029462e-05	0.0
0.11431851	0.0
1.5609194e-05	0.0
0.00062484975	0.0
0.0060032997	0.0
1.4508855e-06	0.0
3.684351e-05	0.0
0.07069841	0.0
2.1764501e-05	0.0
5.148566e-06	0.0
0.0014655365	0.0
0.55687314	0.0
0.0043384163	0.0
1.09845e-05	0.0
1.2009937e-05	0.0
0.41139832	0.0
0.038381696	0.0
0.008342992	0.0
3.8544704e-06	0.0
0.00072999805	0.0
0.0487808	0.0
0.0074045113	0.0
0.004653606	0.0
0.8233755	0.0
6.530401e-05	0.0
0.8946976	0.0
0.65859735	0.0
0.3451944	0.0
6.510828e-05	0.0
0.00024747883	0.0
0.069921546	0.0
0.7653847	0.0
0.001636561	0.0
0.4435126	0.0
2.7330476e-05	0.0
0.048288014	0.0
0.0001157482	0.0
0.00016462471	0.0
0.00061659765	0.0
0.016674316	0.0
0.00011938658	0.0
1.729051e-06	0.0
4.5915172e-07	0.0
6.669208e-05	0.0
1.2887304e-05	0.0
0.00027367566	0.0
0.0031600487	0.0
1.0747928e-05	0.0
0.0047737896	0.0
0.0028313978	0.0
0.014099936	0.0
0.00013367656	0.0
0.2272141	0.0
0.49652877	0.0
0.055738904	0.0
0.08729601	0.0
0.0006910395	0.0
0.34604692	0.0
0.00032258077	0.0
0.12407632	0.0
5.529438e-05	0.0
0.0029195666	0.0
0.00060813123	0.0
3.6104382e-05	0.0
0.00015073856	0.0
7.1533024e-05	0.0
0.018032229	0.0
0.00048353034	0.0
1.8275221e-05	0.0
0.00051749375	0.0
0.03406489	0.0
0.095796295	0.0
0.003141233	0.0
0.00014533913	0.0
0.4538517	0.0
5.539233e-05	0.0
0.13601856	0.0
3.0977135e-05	0.0
0.39416763	0.0
0.3544963	0.0
0.0013098301	0.0
0.0025565953	0.0
0.5312133	0.0
1.326287e-05	0.0
3.278525e-05	0.0
0.008567359	0.0
1.5013235e-05	0.0
0.1801775	0.0
0.004445342	0.0
0.013449653	0.0
0.10290692	0.0
0.041164853	0.0
0.0011685762	0.0
0.09052019	0.0
0.00035357682	0.0
0.32268605	0.0
1.8399362e-05	0.0
4.488597e-06	0.0
4.6874364e-05	0.0
0.33420822	0.0
0.00015866334	0.0
0.02468105	0.0
0.06270648	0.0
0.00017191903	0.0
0.00023508731	0.0
3.1162534e-05	0.0
3.7618854e-06	0.0
0.00036087094	0.0
0.049147453	0.0
0.30977127	0.0
4.7122943e-05	0.0
0.008567359	0.0
0.00072261225	0.0
2.303611e-05	0.0
0.04116009	0.0
0.031876933	0.0
0.038133662	0.0
7.801967e-05	0.0
9.247017e-05	0.0
0.0003882413	0.0
0.00024116706	0.0
0.00016923752	0.0
7.273274e-05	0.0
0.00081733614	0.0
0.414911	0.0
4.725273e-06	0.0
0.022261856	0.0
0.0015548534	0.0
8.1246806e-05	0.0
0.00025844996	0.0
0.408815	0.0
0.00017785157	0.0
0.056015726	0.0
0.0062579545	0.0
0.038133662	0.0
9.809269e-05	0.0
4.684942e-05	0.0
0.00062177394	0.0
1.50522565e-05	0.0
2.7722149e-06	0.0
0.006006932	0.0
0.00026553374	0.0
0.040853184	0.0
1.6487801e-06	0.0
3.3494089e-06	0.0
0.0011040401	0.0
0.00094240345	0.0
0.00022870931	0.0
0.0002973282	0.0
1.0615853e-05	0.0
0.00044744762	0.0
0.027545428	0.0
2.2341495e-05	0.0
7.329961e-05	0.0
6.709073e-06	0.0
0.39095566	0.0
0.011377861	0.0
0.49247488	0.0
0.0073706517	0.0
0.09236579	0.0
0.00024826897	0.0
0.00035202518	0.0
9.33242e-05	0.0
0.00030940934	0.0
1.0615853e-05	0.0
0.0002587229	0.0
1.3818714e-05	0.0
0.0007628657	0.0
2.6728248e-05	0.0
0.0035835374	0.0
3.3494089e-06	0.0
7.572855e-05	0.0
0.0035402642	0.0
1.0396526e-05	0.0
5.8188043e-06	0.0
0.17051338	0.0
0.007899026	0.0
0.05007061	0.0
0.003944423	0.0
0.0001819188	0.0
0.003219507	0.0
0.00035830805	0.0
2.1574702e-05	0.0
0.0008309494	0.0
0.00030151577	0.0
4.800683e-05	0.0
0.3425336	0.0
6.479393e-06	0.0
0.035330594	0.0
0.0007746857	0.0
0.46854505	0.0
0.0044677993	0.0
0.13726558	0.0
4.0845607e-05	0.0
3.69477e-05	0.0
0.070063144	0.0
0.34320056	0.0
0.0029721567	0.0
0.6556117	0.0
2.8163751e-05	0.0
0.0017305951	0.0
3.0050646e-06	0.0
4.974802e-05	0.0
1.9519546e-06	0.0
0.0038831886	0.0
0.0430697	0.0
2.204102e-05	0.0
0.019666461	0.0
0.12835567	0.0
0.041164853	0.0
0.00019207582	0.0
0.0002941915	0.0
0.4447033	0.0
3.6386115e-05	0.0
0.36091214	0.0
1.0396526e-05	0.0
0.027645921	0.0
0.13411559	0.0
0.0026683845	0.0
6.4854146e-05	0.0
0.00011684166	0.0
0.00044518345	0.0
0.006477691	0.0
3.3379827e-06	0.0
0.00082501036	0.0
0.0011934162	0.0
3.8097576e-05	0.0
0.0020329447	0.0
4.488597e-06	0.0
0.057285845	0.0
0.0006145969	0.0
0.0051437286	0.0
0.00024208198	0.0
6.4854146e-05	0.0
0.0021268243	0.0
2.099989e-05	0.0
0.073872164	0.0
0.052578863	0.0
5.539233e-05	0.0
0.010500184	0.0
0.0015323147	0.0
0.00036847426	0.0
3.8911632e-05	0.0
0.0034599204	0.0
0.30977127	0.0
0.00017643305	0.0
0.0023947314	0.0
2.1393455e-05	0.0
0.00014207921	0.0
0.37424612	0.0
0.37003562	0.0
0.00015226174	0.0
4.950813e-05	0.0
0.02000714	0.0
0.035983577	0.0
0.000109920955	0.0
0.543463	0.0
0.1801775	0.0
0.00013270076	0.0
0.0012150193	0.0
0.107826255	0.0
6.698142e-06	0.0
0.00020934742	0.0
0.21858291	0.0
0.0013873545	0.0
0.04839962	0.0
0.076658	0.0
0.00018045206	0.0
0.0041422374	0.0
0.00020342658	0.0
1.8399362e-05	0.0
0.021541052	0.0
0.0008988213	0.0
0.0002697772	0.0
0.05520637	0.0
0.006477691	0.0
9.046314e-06	0.0
0.61044616	0.0
0.0054750475	0.0
4.4230255e-06	0.0
2.3764196e-05	0.0
2.1803118e-05	0.0
0.0001260996	0.0
0.00030940934	0.0
0.0072072647	0.0
0.0005260962	0.0
1.0615853e-05	0.0
0.00023699315	0.0
3.615075e-05	0.0
0.005798902	0.0
0.0040556663	0.0
0.0022878766	0.0
0.0516991	0.0
3.8097576e-05	0.0
0.010406076	0.0
0.0024682898	0.0
3.8266942e-05	0.0
7.093878e-05	0.0
0.6556117	0.0
2.72899e-05	0.0
0.107826255	0.0
1.8399362e-05	0.0
2.0692038e-05	0.0
0.00037809348	0.0
0.015738852	0.0
2.112943e-05	0.0
0.07722749	0.0
0.09653615	0.0
0.07907366	0.0
0.61436003	0.0
7.147942e-05	0.0
0.018504292	0.0
0.0029448222	0.0
2.3315783e-05	0.0
0.0006838904	0.0
0.12810111	0.0
0.017458174	0.0
0.00046858616	0.0
8.3940446e-05	0.0
0.0045602364	0.0
0.00013103061	0.0
0.21755727	0.0
0.0016614018	0.0
0.001826793	0.0
1.3818714e-05	0.0
0.0006137209	0.0
0.00017230335	0.0
0.0005316757	0.0
0.00064443314	0.0
4.599718e-06	0.0
4.9901562e-05	0.0
0.0014317939	0.0
0.0003805918	0.0
0.31814304	0.0
0.014394189	0.0
0.00045160978	0.0
0.00081299007	0.0
1.6056041e-05	0.0
0.0057113124	0.0
0.07025462	0.0
0.00015621765	0.0
0.0015424899	0.0
0.05672474	0.0
6.2256855e-05	0.0
0.00037675435	0.0
0.000116001196	0.0
0.00037809348	0.0
0.00015513088	0.0
9.121337e-07	0.0
0.0049203783	0.0
0.0070729116	0.0
4.725273e-06	0.0
0.00016923752	0.0
0.006304854	0.0
0.12810111	0.0
0.013339235	0.0
0.00024639157	0.0
0.005402992	0.0
0.0005796388	0.0
0.2145536	0.0
0.024912303	0.0
0.0002975853	0.0
0.3675278	0.0
4.301516e-05	0.0
0.00012594592	0.0
3.5847313e-06	0.0
0.020800734	0.0
0.3089219	0.0
3.8551196e-05	0.0
0.000744084	0.0
0.00021218315	0.0
0.0015205204	0.0
2.6837909e-06	0.0
1.2018412e-05	0.0
0.00046858616	0.0
0.008703221	0.0
5.111191e-05	0.0
0.000501503	0.0
0.0006364085	0.0
0.004730741	0.0
0.00013149726	0.0
0.20151858	0.0
0.007504171	0.0
0.09372311	0.0
0.21175766	0.0
0.011293835	0.0
3.7150614e-05	0.0
5.2633208e-05	0.0
4.7788453e-06	0.0
0.0006148447	0.0
4.705831e-05	0.0
3.9799295e-05	0.0
0.0012578468	0.0
0.0004227959	0.0
0.94615316	0.0
3.4739203e-06	0.0
4.476045e-06	0.0
1.0473629e-05	0.0
5.456322e-05	0.0
2.586838e-06	0.0
0.03496675	0.0
4.0053957e-05	0.0
8.709044e-07	0.0
4.66619e-06	0.0
0.0430697	0.0
0.00270285	0.0
3.278525e-05	0.0
0.0032086575	0.0
0.007485762	0.0
2.3315783e-05	0.0
4.195851e-05	0.0
9.773458e-06	0.0
0.00045955201	0.0
1.1498954e-05	0.0
1.2911481e-05	0.0
1.3953991e-05	0.0
1.6433025e-05	0.0
0.0022662662	0.0
0.323196	0.0
0.0006145969	0.0
0.004647178	0.0
0.033520296	0.0
5.0811113e-06	0.0
1.676395e-05	0.0
0.039972212	0.0
1.7213123e-06	0.0
0.0012566797	0.0
1.2066374e-05	0.0
0.0012150193	0.0
0.0007920486	0.0
3.0380052e-06	0.0
1.2000003e-05	0.0
4.3272747e-05	0.0
8.051642e-05	0.0
0.0006983279	0.0
0.0025650493	0.0
0.005906365	0.0
2.3315783e-05	0.0
0.0025650493	0.0
0.11335713	0.0
0.0001287315	0.0
0.036720365	0.0
9.843104e-05	0.0
4.1390767e-06	0.0
6.0020197e-06	0.0
0.0013236026	0.0
0.34640896	0.0
0.05689616	0.0
0.00051749375	0.0
2.9047222e-05	0.0
0.0046092314	0.0
0.022115028	0.0
0.09093084	0.0
5.2956737e-05	0.0
0.00052917696	0.0
0.0068403864	0.0
1.8568165e-06	0.0
0.017568326	0.0
0.43425313	0.0
0.0039295293	0.0
0.0025323702	0.0
0.00012443944	0.0
0.00020971229	0.0
0.008499085	0.0
0.16489778	0.0
0.0008668826	0.0
0.32524163	0.0
0.0011172766	0.0
0.017127842	0.0
0.00042053018	0.0
0.12777029	0.0
6.3032385e-05	0.0
1.4497526e-06	0.0
6.340245e-06	0.0
1.1932918e-05	0.0
0.0017512888	0.0
5.045017e-06	0.0
0.0010844931	0.0
0.024434853	0.0
2.0871483e-05	0.0
0.007477794	0.0
1.2360464e-05	0.0
3.661611e-05	0.0
0.00033252052	0.0
0.01185454	0.0
0.015201345	0.0
8.731237e-06	0.0
0.058906354	0.0
0.323196	0.0
0.01728551	0.0
0.005833934	0.0
0.0006824066	0.0
0.2580941	0.0
1.612216e-05	0.0
1.3808919e-05	0.0
0.03254371	0.0
9.223009e-06	0.0
0.014840742	0.0
0.0005600235	0.0
8.1004866e-05	0.0
0.00016882921	0.0
4.7148773e-05	0.0
0.21772976	0.0
8.564342e-05	0.0
0.39095566	0.0
0.0024671927	0.0
1.1011346e-06	0.0
0.009025079	0.0
0.00032126502	0.0
0.02270894	0.0
8.903544e-05	0.0
0.00076323765	0.0
1.4766469e-05	0.0
0.00017643305	0.0
0.00022809002	0.0
8.750529e-05	0.0
0.009158632	0.0
0.0010513345	0.0
0.00063267275	0.0
0.00011697149	0.0
0.0006718986	0.0
0.07324365	0.0
0.00021856626	0.0
1.0653515e-05	0.0
0.110544644	0.0
0.00027846068	0.0
1.315449e-05	0.0
2.7212096e-05	0.0
0.0034033984	0.0
1.1899255e-05	0.0
0.042642754	0.0
0.10843422	0.0
0.00019344756	0.0
4.0614334e-05	0.0
0.0074549415	0.0
1.5491e-05	0.0
0.0005059341	0.0
1.5874002e-05	0.0
0.0010024415	0.0
1.3525095e-05	0.0
0.00014934075	0.0
0.022241138	0.0
3.3200922e-05	0.0
0.0023947314	0.0
0.0053078104	0.0
2.307442e-05	0.0
8.777281e-05	0.0
0.008130439	0.0
4.6880978e-05	0.0
0.0007650412	0.0
0.0013574645	0.0
5.89452e-05	0.0
0.00024111963	0.0
0.39722845	0.0
2.2341495e-05	0.0
0.74498504	0.0
0.0006112292	0.0
1.2092442e-05	0.0
0.00037955545	0.0
0.00095628947	0.0
0.004681193	0.0
0.00057559466	0.0
2.1064468e-05	0.0
0.011214568	0.0
0.0015857961	0.0
2.908441e-05	0.0
0.0015424899	0.0
0.75802445	0.0
0.0007135483	0.0
2.1574702e-05	0.0
0.012524376	0.0
0.00032235408	0.0
0.3130787	0.0
0.00079870515	0.0
0.0006718986	0.0
0.023417307	0.0
0.00051642774	0.0
0.06915776	0.0
1.2234066e-05	0.0
5.247466e-05	0.0
0.0036853775	0.0
1.8590954e-05	0.0
0.0014186195	0.0
0.003557159	0.0
0.027116884	0.0
4.935915e-06	0.0
0.16904531	0.0
4.7122943e-05	0.0
3.3200922e-05	0.0
0.47736287	0.0
0.5163135	0.0
0.004513524	0.0
1.2211584e-05	0.0
0.03314362	0.0
0.008301347	0.0
1.4088177e-05	0.0
0.000160288	0.0
1.2092442e-05	0.0
4.7051064e-05	0.0
9.912487e-05	0.0
0.0011671049	0.0
9.445204e-08	0.0
5.3480164e-07	0.0
1.9983881e-05	0.0
7.9411375e-06	0.0
0.0010337578	0.0
5.4077964e-07	0.0
1.0301916e-06	0.0
1.2606505e-05	0.0
1.2932927e-06	0.0
1.474789e-07	0.0
9.0858426e-05	0.0
0.00010325773	0.0
5.570165e-06	0.0
0.0029704147	0.0
6.6494584e-05	0.0
9.338408e-06	0.0
5.315512e-06	0.0
0.00011034075	0.0
9.0645335e-06	0.0
3.5572823e-06	0.0
1.0375835e-06	0.0
0.0011128383	0.0
1.6176757e-05	0.0
1.2042394e-06	0.0
4.2239873e-05	0.0
7.143174e-07	0.0
0.00017054692	0.0
2.6407166e-05	0.0
3.649138e-06	0.0
2.3714733e-06	0.0
6.054378e-07	0.0
0.0005492053	0.0
0.69020647	0.0
2.024958e-06	0.0
0.00015377403	0.0
0.0003912718	0.0
5.458907e-06	0.0
0.0073084007	0.0
1.7811857e-06	0.0
2.4275562e-07	0.0
2.2673365e-07	0.0
2.8714528e-06	0.0
5.7245865e-07	0.0
1.9447369e-07	0.0
0.000816153	0.0
6.0584756e-05	0.0
1.3081356e-05	0.0
1.221603e-05	0.0
1.8186673e-05	0.0
1.2970699e-05	0.0
0.005888097	0.0
2.1452313e-06	0.0
0.021235798	0.0
5.501635e-05	0.0
3.0101883e-05	0.0
2.7961487e-06	0.0
6.190595e-07	0.0
3.1684956e-06	0.0
2.0428934e-05	0.0
1.4780732e-05	0.0
0.35822886	0.0
2.671702e-05	0.0
5.6517223e-07	0.0
4.603172e-05	0.0
0.011419347	0.0
4.6401096e-06	0.0
2.0013454e-07	0.0
3.4110433e-06	0.0
8.2004107e-07	0.0
1.9295668e-07	0.0
1.3748299e-06	0.0
0.00070841896	0.0
0.00012693125	0.0
1.1923624e-05	0.0
1.9890472e-06	0.0
0.4269274	0.0
7.579336e-05	0.0
5.7011375e-06	0.0
1.0510774e-07	0.0
1.6049426e-06	0.0
2.545855e-06	0.0
2.624413e-05	0.0
1.2966492e-06	0.0
0.00018444535	0.0
0.00012093922	0.0
4.5681227e-05	0.0
2.294047e-06	0.0
2.9640702e-07	0.0
3.2584194e-05	0.0
1.06403e-07	0.0
3.7187397e-07	0.0
2.355489e-06	0.0
4.5710527e-07	0.0
0.00020082772	0.0
9.480136e-07	0.0
0.00017222785	0.0
4.881357e-06	0.0
8.62914e-07	0.0
7.523007e-06	0.0
1.4032064e-07	0.0
7.9018264e-07	0.0
6.200041e-06	0.0
9.918691e-08	0.0
3.2944936e-06	0.0
1.5584594e-07	0.0
3.605387e-07	0.0
1.9673443e-07	0.0
4.995446e-07	0.0
0.0059240647	0.0
9.3235554e-05	0.0
6.434657e-07	0.0
1.8216429e-07	0.0
1.3451928e-05	0.0
8.070802e-06	0.0
9.259922e-05	0.0
2.5484534e-05	0.0
2.0820936e-07	0.0
8.429684e-06	0.0
5.988517e-07	0.0
4.7499634e-06	0.0
0.00043187608	0.0
8.5595576e-07	0.0
5.8620953e-05	0.0
2.6891028e-06	0.0
0.00037202318	0.0
3.7264945e-06	0.0
5.441481e-06	0.0
1.4664305e-06	0.0
1.2917694e-05	0.0
2.741881e-07	0.0
9.819589e-07	0.0
0.00038196033	0.0
0.00046350947	0.0
5.6797903e-06	0.0
8.5857906e-08	0.0
1.1440529e-06	0.0
3.5325778e-07	0.0
1.2072559e-05	0.0
2.6570056e-06	0.0
4.1912404e-06	0.0
0.7381995	0.0
6.1472434e-05	0.0
0.0027133299	0.0
0.00028218655	0.0
1.0364147e-06	0.0
0.10974144	0.0
0.0009789445	0.0
0.0026555588	0.0
0.008739407	0.0
6.6030007e-06	0.0
0.00013454797	0.0
9.531256e-06	0.0
2.4076267e-05	0.0
8.636723e-06	0.0
0.00029355776	0.0
2.293265e-06	0.0
8.1257014e-05	0.0
0.00019596324	0.0
0.0014454636	0.0
0.011210489	0.0
0.02384942	0.0
6.580605e-05	0.0
0.002377679	0.0
1.12176995e-05	0.0
5.188037e-07	0.0
1.0569235e-05	0.0
0.012326818	0.0
0.0005250328	0.0
2.1185408e-06	0.0
4.2368018e-05	0.0
0.140411	0.0
4.4068616e-07	0.0
0.25248995	0.0
3.141419e-06	0.0
7.84193e-08	0.0
2.3548605e-06	0.0
0.0024424905	0.0
3.684605e-07	0.0
4.5307166e-07	0.0
1.7915333e-07	0.0
0.00014074903	0.0
2.9059946e-05	0.0
5.351726e-06	0.0
0.0009900067	0.0
1.7510213e-06	0.0
8.857553e-06	0.0
7.511329e-05	0.0
0.00037503906	0.0
1.5298751e-07	0.0
9.007705e-07	0.0
4.0717478e-06	0.0
1.4650928e-07	0.0
6.1898813e-06	0.0
1.1603955e-06	0.0
0.0010864877	0.0
2.1565409e-05	0.0
6.165644e-07	0.0
2.4310384e-05	0.0
0.03222954	0.0
0.017642988	0.0
0.0001956876	0.0
2.401688e-05	0.0
1.8612589e-05	0.0
3.174423e-07	0.0
3.7226945e-07	0.0
1.996621e-05	0.0
3.4643918e-07	0.0
4.1519893e-06	0.0
8.735351e-06	0.0
4.9352815e-07	0.0
9.5684925e-05	0.0
0.0031262047	0.0
2.8065253e-06	0.0
1.4889157e-07	0.0
1.5411002e-05	0.0
4.3320684e-05	0.0
1.3621662e-06	0.0
0.000119799304	0.0
2.708428e-06	0.0
0.00022406153	0.0
5.0766953e-06	0.0
3.802849e-06	0.0
6.169281e-07	0.0
0.0008052783	0.0
0.4175295	0.0
2.9912091e-05	0.0
2.1853677e-06	0.0
0.00020524448	0.0
9.630836e-05	0.0
1.8029205e-05	0.0
4.382637e-08	0.0
1.2406048e-07	0.0
0.028102303	0.0
0.0006291894	0.0
2.5141915e-05	0.0
2.5731977e-05	0.0
9.814461e-07	0.0
1.3945149e-05	0.0
1.8865796e-06	0.0
1.0426605e-05	0.0
5.5472124e-06	0.0
0.00011429897	0.0
0.0011416879	0.0
3.0964572e-06	0.0
1.1321898e-06	0.0
9.5333644e-07	0.0
3.8000528e-07	0.0
0.00048457805	0.0
2.5847e-05	0.0
1.0749184e-05	0.0
3.856615e-05	0.0
7.880562e-05	0.0
2.5459872e-06	0.0
3.4641505e-06	0.0
3.9671713e-06	0.0
0.0027148235	0.0
0.0017896561	0.0
0.057014525	0.0
2.0525827e-07	0.0
5.4582837e-05	0.0
0.00014712427	0.0
2.600659e-05	0.0
2.7704202e-05	0.0
2.495409e-07	0.0
3.6260186e-05	0.0
5.657704e-06	0.0
1.8134648e-06	0.0
4.379251e-07	0.0
1.809903e-07	0.0
2.742201e-06	0.0
3.76676e-05	0.0
0.00017099285	0.0
0.04383857	0.0
1.5869398e-07	0.0
5.8609106e-07	0.0
6.6494584e-05	0.0
2.3213227e-07	0.0
3.1655272e-05	0.0
1.48676645e-05	0.0
2.2738644e-05	0.0
8.931213e-05	0.0
0.005685321	0.0
1.4339488e-06	0.0
2.2158063e-06	0.0
1.5353093e-06	0.0
1.9048021e-07	0.0
1.525143e-06	0.0
1.00300995e-05	0.0
5.1357433e-06	0.0
7.376738e-05	0.0
5.685054e-07	0.0
2.7756846e-06	0.0
5.6514153e-07	0.0
6.2801547e-07	0.0
3.735995e-05	0.0
0.008342992	0.0
7.220724e-05	0.0
0.0005668946	0.0
4.160208e-07	0.0
7.732387e-07	0.0
0.00029669597	0.0
1.1114786e-07	0.0
4.0379196e-05	0.0
1.6688373e-05	0.0
0.00011790606	0.0
0.00014120025	0.0
0.0002025084	0.0
5.5173705e-06	0.0
7.592344e-06	0.0
2.2463696e-07	0.0
1.098878e-06	0.0
1.1948577e-05	0.0
1.2222883e-05	0.0
0.00013238411	0.0
2.190174e-06	0.0
3.4488198e-07	0.0
4.640386e-07	0.0
0.00019386524	0.0
0.0003600122	0.0
0.007046383	0.0
5.0259055e-06	0.0
7.33977e-05	0.0
6.0700876e-07	0.0
0.00013868381	0.0
1.5436563e-05	0.0
1.068103e-07	0.0
0.0001853023	0.0
9.240877e-07	0.0
3.1289935e-06	0.0
0.00039339066	0.0
0.0010144206	0.0
1.4296772e-05	0.0
2.5550858e-05	0.0
1.2278307e-05	0.0
2.9775993e-05	0.0
0.0022879725	0.0
9.341532e-06	0.0
2.2796019e-06	0.0
2.0322345e-06	0.0
5.269299e-06	0.0
0.0054603936	0.0
3.5211746e-05	0.0
1.2055808e-07	0.0
0.0999193	0.0
6.8610404e-07	0.0
7.7694815e-05	0.0
6.3425555e-06	0.0
2.053146e-05	0.0
1.0745366e-05	0.0
2.8138263e-07	0.0
1.360411e-07	0.0
6.228508e-07	0.0
3.6021183e-07	0.0
2.9439896e-06	0.0
1.4072557e-06	0.0
4.092894e-05	0.0
1.1388813e-06	0.0
2.8458094e-06	0.0
3.0341832e-07	0.0
1.1337488e-06	0.0
3.486873e-05	0.0
2.5886873e-05	0.0
1.0920651e-06	0.0
1.1047211e-07	0.0
1.5406236e-07	0.0
6.8332097e-06	0.0
0.032466922	0.0
4.94661e-07	0.0
9.045216e-06	0.0
0.00086008006	0.0
0.00022058476	0.0
4.345526e-05	0.0
2.582454e-06	0.0
9.128778e-06	0.0
1.78415e-06	0.0
1.2807429e-06	0.0
1.6169284e-07	0.0
1.766804e-05	0.0
1.6090366e-05	0.0
0.004323362	0.0
1.8318448e-06	0.0
7.765863e-05	0.0
3.221115e-05	0.0
2.1189682e-05	0.0
3.033401e-06	0.0
1.6263104e-07	0.0
5.6315133e-07	0.0
5.20059e-07	0.0
2.2502779e-07	0.0
0.005673565	0.0
0.0010693016	0.0
0.0070652748	0.0
7.537823e-07	0.0
1.3068744e-06	0.0
2.0486123e-06	0.0
6.7874716e-06	0.0
2.5137713e-06	0.0
1.0318478e-05	0.0
2.6894174e-06	0.0
8.919654e-06	0.0
0.0001644855	0.0
1.0555441e-05	0.0
1.7396194e-07	0.0
5.6915826e-07	0.0
5.3863186e-08	0.0
1.790796e-07	0.0
0.017983556	0.0
8.612265e-05	0.0
5.15699e-07	0.0
0.00017630334	0.0
1.0902531e-05	0.0
4.151262e-07	0.0
0.0019226497	0.0
1.5700802e-05	0.0
0.006041761	0.0
4.7461944e-07	0.0
9.226916e-06	0.0
6.4499625e-05	0.0
0.009262881	0.0
2.780269e-07	0.0
1.9443269e-06	0.0
6.5377925e-08	0.0
2.420129e-06	0.0
3.533159e-05	0.0
0.00043574176	0.0
1.2753511e-05	0.0
9.535291e-07	0.0
6.5917916e-06	0.0
1.9300171e-07	0.0
4.8001802e-05	0.0
1.3653512e-07	0.0
2.2349573e-07	0.0
8.971088e-06	0.0
3.790645e-07	0.0
3.2498357e-07	0.0
0.0012052368	0.0
1.0718793e-06	0.0
1.4170219e-07	0.0
2.907436e-06	0.0
6.691993e-07	0.0
6.115038e-07	0.0
1.0795374e-06	0.0
1.2890205e-06	0.0
9.107683e-06	0.0
9.607193e-08	0.0
1.7007227e-05	0.0
1.9023022e-06	0.0
3.2449984e-07	0.0
2.179239e-07	0.0
3.3351569e-06	0.0
9.1311097e-07	0.0
0.005157756	0.0
1.9052126e-06	0.0
6.4471947e-06	0.0
1.5031095e-06	0.0
1.0616365e-05	0.0
5.1673373e-07	0.0
7.0149736e-07	0.0
4.5703164e-06	0.0
2.2909658e-06	0.0
2.4505042e-07	0.0
3.1417161e-07	0.0
2.6168212e-08	0.0
2.2319138e-05	0.0
2.4059984e-05	0.0
1.6120812e-06	0.0
1.1505712e-06	0.0
5.669035e-05	0.0
1.7174021e-07	0.0
3.8283494e-07	0.0
5.774246e-06	0.0
7.7901706e-07	0.0
0.0004859367	0.0
1.5693485e-06	0.0
1.7358328e-05	0.0
0.00038201595	0.0
6.936815e-06	0.0
5.170675e-07	0.0
7.5309845e-06	0.0
4.489488e-05	0.0
2.661083e-07	0.0
4.7727135e-06	0.0
0.0009716704	0.0
3.2215237e-06	0.0
1.9367965e-06	0.0
7.14446e-07	0.0
0.000116759504	0.0
5.6753856e-06	0.0
1.1492484e-06	0.0
1.0632044e-05	0.0
0.00029133787	0.0
2.4119046e-07	0.0
1.3973886e-06	0.0
0.0018156664	0.0
3.4370365e-07	0.0
1.7602432e-07	0.0
5.880588e-06	0.0
3.6235473e-05	0.0
0.00064068445	0.0
3.6951683e-06	0.0
3.9217934e-06	0.0
1.2212461e-05	0.0
4.5247262e-07	0.0
1.5240171e-07	0.0
2.9107136e-06	0.0
4.1790856e-05	0.0
1.1495368e-06	0.0
4.677176e-06	0.0
5.2427606e-07	0.0
0.023772433	0.0
4.7740247e-07	0.0
2.811768e-05	0.0
0.0032173693	0.0
1.4632202e-06	0.0
0.0007668151	0.0
6.7301414e-07	0.0
0.012573726	0.0
5.4727362e-08	0.0
6.006001e-08	0.0
1.6249408e-07	0.0
0.0002678217	0.0
4.028174e-07	0.0
3.8927993e-07	0.0
0.000794236	0.0
0.00610684	0.0
4.1906683e-06	0.0
0.0047342554	0.0
1.6537145e-06	0.0
2.6197765e-07	0.0
5.9077564e-07	0.0
2.5103276e-07	0.0
2.2915663e-07	0.0
9.254283e-07	0.0
6.8136134e-05	0.0
0.0003437486	0.0
1.2050517e-05	0.0
0.03234394	0.0
4.8740634e-07	0.0
6.604162e-06	0.0
0.00019089445	0.0
3.0385522e-07	0.0
3.530712e-05	0.0
1.9334775e-06	0.0
0.00020807977	0.0
1.3509658e-06	0.0
2.77562e-07	0.0
2.8586456e-07	0.0
5.6781564e-06	0.0
1.209259e-06	0.0
1.2606674e-06	0.0
4.2337997e-06	0.0
1.4661839e-06	0.0
0.001744072	0.0
2.1241385e-06	0.0
5.4541515e-06	0.0
2.1878625e-07	0.0
0.00023554514	0.0
1.981059e-07	0.0
6.6565867e-06	0.0
8.064833e-08	0.0
0.0036410212	0.0
7.559854e-07	0.0
9.508962e-06	0.0
1.8935018e-05	0.0
7.2267714e-05	0.0
6.24532e-05	0.0
0.018636746	0.0
0.62089473	0.0
0.00016997823	0.0
0.00017645326	0.0
3.3635956e-06	0.0
0.0037655737	0.0
0.0022672378	0.0
9.819154e-07	0.0
1.2312722e-06	0.0
0.00024341884	0.0
0.09725604	0.0
8.5022926e-05	0.0
0.08374077	0.0
1.4774359e-07	0.0
8.829854e-06	0.0
1.8851393e-06	0.0
2.8214954e-06	0.0
8.1098005e-07	0.0
0.34695154	0.0
5.1331733e-07	0.0
1.6074346e-06	0.0
8.283404e-06	0.0
8.4604966e-05	0.0
9.283687e-07	0.0
8.018746e-06	0.0
0.004545791	0.0
2.8543602e-07	0.0
3.4747393e-07	0.0
3.6649737e-05	0.0
0.00077215343	0.0
7.51588e-06	0.0
8.525628e-07	0.0
4.684532e-07	0.0
1.11348584e-07	0.0
3.4701392e-07	0.0
1.9900428e-06	0.0
0.0001961387	0.0
8.397578e-05	0.0
0.00912024	0.0
0.00011567591	0.0
0.11512061	0.0
3.0726471e-06	0.0
1.6232389e-06	0.0
3.7763073e-06	0.0
5.988675e-05	0.0
7.081623e-07	0.0
1.1645258e-06	0.0
3.8841663e-05	0.0
0.0049718576	0.0
1.03123675e-05	0.0
2.6201142e-06	0.0
4.5485194e-07	0.0
8.4133295e-05	0.0
1.2301238e-05	0.0
5.349723e-07	0.0
1.5191648e-06	0.0
6.7310393e-06	0.0
9.0323226e-08	0.0
8.003729e-07	0.0
0.00047306693	0.0
3.2160133e-06	0.0
1.1381844e-05	0.0
3.4368972e-07	0.0
2.4084275e-06	0.0
3.240584e-07	0.0
6.7866176e-06	0.0
2.5783729e-07	0.0
3.821225e-06	0.0
1.6578286e-06	0.0
3.3257976e-07	0.0
1.9022544e-06	0.0
0.63682	0.0
3.9765437e-05	0.0
4.2571945e-05	0.0
7.713395e-06	0.0
4.3288087e-06	0.0
0.00027013343	0.0
1.6821367e-06	0.0
9.837638e-05	0.0
0.00046696892	0.0
5.375121e-06	0.0
2.796998e-05	0.0
1.582874e-05	0.0
0.7345032	0.0
0.000785835	0.0
2.0659816e-06	0.0
2.0325853e-05	0.0
0.00013078193	0.0
1.330384e-06	0.0
0.0016676929	0.0
1.1571955e-05	0.0
2.070713e-06	0.0
5.195352e-07	0.0
0.0013793143	0.0
0.0062382673	0.0
1.5080103e-06	0.0
0.00035573525	0.0
1.322639e-05	0.0
1.255852e-06	0.0
9.5078514e-07	0.0
0.009380497	0.0
8.780472e-07	0.0
0.0005772248	0.0
5.490226e-06	0.0
3.1504638e-07	0.0
6.852314e-08	0.0
2.8886933e-07	0.0
9.308648e-06	0.0
3.9608135e-06	0.0
0.0016514793	0.0
9.352775e-06	0.0
9.221109e-05	0.0
5.2791324e-06	0.0
6.769304e-07	0.0
5.29021e-07	0.0
3.1371755e-07	0.0
9.601791e-05	0.0
3.545537e-07	0.0
0.00021714813	0.0
1.016518e-06	0.0
3.0292213e-06	0.0
3.914445e-05	0.0
0.00041145418	0.0
0.0031954932	0.0
2.8098908e-05	0.0
7.209551e-07	0.0
4.032576e-06	0.0
3.957751e-07	0.0
7.692756e-05	0.0
0.0038357761	0.0
0.06012655	0.0
1.9116374e-06	0.0
0.0008264144	0.0
0.00041151998	0.0
1.237528e-06	0.0
5.200339e-05	0.0
1.5810137e-06	0.0
2.955763e-05	0.0
2.6566042e-06	0.0
0.2077575	0.0
3.7903266e-07	0.0
2.4133585e-06	0.0
5.592274e-07	0.0
3.8481105e-07	0.0
2.2652114e-06	0.0
3.1412117e-06	0.0
0.008379809	0.0
1.6300442e-05	0.0
4.3409713e-05	0.0
1.7511755e-05	0.0
8.26105e-05	0.0
1.3956799e-06	0.0
3.9736524e-06	0.0
9.352775e-06	0.0
8.1542676e-05	0.0
4.1189123e-06	0.0
1.9870292e-06	0.0
7.9271944e-05	0.0
0.1269849	0.0
4.35956e-05	0.0
2.6828309e-06	0.0
1.8018545e-07	0.0
3.139987e-07	0.0
1.6573561e-07	0.0
0.00027114118	0.0
1.76746e-05	0.0
1.7917037e-06	0.0
3.5520175e-06	0.0
4.224251e-06	0.0
0.00012439927	0.0
0.03512428	0.0
3.6557292e-05	0.0
0.09720665	0.0
0.000111966125	0.0
1.961196e-06	0.0
9.1226156e-07	0.0
1.4251718e-05	0.0
3.7286597e-07	0.0
2.3462117e-07	0.0
2.6822916e-06	0.0
4.985333e-05	0.0
9.787256e-07	0.0
2.9581377e-06	0.0
4.3024153e-07	0.0
5.002762e-06	0.0
9.1492996e-07	0.0
0.3980693	0.0
6.8178826e-07	0.0
2.8540225e-07	0.0
2.1784535e-07	0.0
3.1947977e-07	0.0
1.2030205e-07	0.0
3.923524e-06	0.0
7.372498e-06	0.0
3.664967e-06	0.0
2.8158029e-06	0.0
1.5406682e-06	0.0
0.000789472	0.0
4.6480264e-07	0.0
0.010274141	0.0
0.003937542	0.0
0.00027042316	0.0
1.1713395e-06	0.0
4.2569874e-05	0.0
8.08919e-05	0.0
3.2132532e-06	0.0
0.0001119025	0.0
1.1152705e-06	0.0
0.0012666682	0.0
2.3139598e-06	0.0
2.2179725e-06	0.0
1.2107128e-06	0.0
6.443886e-06	0.0
2.701314e-06	0.0
1.7366405e-06	0.0
1.2797248e-05	0.0
1.1004745e-05	0.0
2.1487174e-06	0.0
2.2604509e-05	0.0
0.00014770844	0.0
0.00026061782	0.0
0.019549822	0.0
8.6632775e-07	0.0
1.5389738e-06	0.0
0.003436133	0.0
1.3535067e-06	0.0
4.898964e-06	0.0
1.0833957e-07	0.0
0.000107599124	0.0
1.0172186e-07	0.0
3.2363967e-06	0.0
1.1150076e-06	0.0
1.8357284e-07	0.0
1.6074346e-06	0.0
1.955107e-07	0.0
8.010781e-06	0.0
4.656079e-05	0.0
3.6510498e-06	0.0
8.7569815e-06	0.0
8.901834e-06	0.0
0.00013168597	0.0
5.3368094e-08	0.0
2.0953443e-07	0.0
1.5532622e-06	0.0
7.2458033e-07	0.0
7.595037e-07	0.0
2.751103e-05	0.0
3.2085104e-06	0.0
8.4868253e-07	0.0
7.821582e-06	0.0
2.705504e-05	0.0
7.422049e-07	0.0
4.080744e-05	0.0
1.714416e-07	0.0
8.174187e-06	0.0
5.7323126e-05	0.0
1.2880399e-07	0.0
2.9828834e-06	0.0
1.1386053e-05	0.0
2.3732657e-05	0.0
0.00273985	0.0
7.116621e-06	0.0
3.0330986e-07	0.0
9.726548e-07	0.0
5.828578e-07	0.0
4.2524275e-06	0.0
1.9952151e-06	0.0
6.90077e-07	0.0
1.05324354e-07	0.0
2.2831173e-07	0.0
3.3701292e-07	0.0
4.1468415e-06	0.0
7.2741494e-07	0.0
1.4762318e-07	0.0
2.421483e-07	0.0
4.965004e-07	0.0
8.7953885e-07	0.0
1.4122003e-05	0.0
0.0051740664	0.0
0.00066596566	0.0
1.1287474e-06	0.0
3.0803633e-07	0.0
2.6571308e-07	0.0
1.080656e-06	0.0
1.3019915e-07	0.0
2.486212e-06	0.0
1.4458162e-05	0.0
2.9644123e-05	0.0
5.121549e-06	0.0
5.388657e-06	0.0
0.003912236	0.0
1.451292e-07	0.0
1.5629756e-05	0.0
3.3640467e-06	0.0
6.2280026e-07	0.0
7.657422e-06	0.0
1.8534475e-07	0.0
2.0704467e-05	0.0
1.7535602e-07	0.0
9.631157e-08	0.0
4.640715e-08	0.0
0.37051874	1.0
0.0013764416	1.0
0.016584447	1.0
0.45434102	1.0
0.7870534	1.0
0.901052	1.0
0.96829456	1.0
0.02303384	1.0
0.9310509	1.0
0.0023883672	1.0
0.16059731	1.0
0.98601687	1.0
0.91546077	1.0
1.1610574e-05	1.0
0.012048084	1.0
0.7941332	1.0
0.28352836	1.0
0.016588707	1.0
0.0010855744	1.0
0.4001177	1.0
0.07485989	1.0
0.28499895	1.0
0.15590976	1.0
0.23147777	1.0
0.055828255	1.0
0.26375884	1.0
0.072733745	1.0
0.63097185	1.0
0.33603454	1.0
0.89955205	1.0
0.33565518	1.0
0.014054892	1.0
0.066736065	1.0
1.85548e-05	1.0
0.6536381	1.0
0.0001509437	1.0
0.037601274	1.0
0.0006500161	1.0
0.15421158	1.0
0.29042026	1.0
0.355541	1.0
0.0722959	1.0
0.037395727	1.0
0.8942709	1.0
0.74404997	1.0
5.353498e-05	1.0
0.0011756176	1.0
0.73646307	1.0
0.022321384	1.0
0.19946471	1.0
0.15095332	1.0
0.2605531	1.0
0.93181294	1.0
0.983033	1.0
0.54737175	1.0
0.9358945	1.0
0.7023975	1.0
0.5710766	1.0
0.0001278328	1.0
0.12361298	1.0
0.78176737	1.0
0.97320825	1.0
0.025068594	1.0
0.3112795	1.0
0.0008111639	1.0
0.05955984	1.0
0.14050373	1.0
0.048791777	1.0
4.908832e-05	1.0
0.00011962945	1.0
0.10180397	1.0
6.584544e-06	1.0
0.9868717	1.0
0.8843857	1.0
0.12378442	1.0
0.95493144	1.0
0.9005359	1.0
0.0002533721	1.0
0.9800048	1.0
0.00057789235	1.0
0.77145976	1.0
0.18553527	1.0
0.13396631	1.0
0.0009377568	1.0
0.9121057	1.0
0.59068894	1.0
0.85119677	1.0
0.95010483	1.0
2.4387185e-05	1.0
0.6319982	1.0
0.91818756	1.0
0.9813976	1.0
0.34011903	1.0
0.8782135	1.0
0.015002792	1.0
0.89147186	1.0
0.46153384	1.0
0.042000487	1.0
0.13536322	1.0
0.00029334947	1.0
0.1803331	1.0
0.030444061	1.0
0.79411167	1.0
0.008394171	1.0
0.38336077	1.0
0.80303586	1.0
0.82781667	1.0
0.9260705	1.0
0.05510814	1.0
0.028079046	1.0
0.645109	1.0
0.12456965	1.0
0.88546497	1.0
0.8385038	1.0
0.18105796	1.0
0.75424474	1.0
0.18786143	1.0
0.00088056456	1.0
0.10501429	1.0
0.0902094	1.0
0.19685118	1.0
0.0019327028	1.0
0.53982705	1.0
0.402477	1.0
0.08023102	1.0
0.18115498	1.0
0.47286174	1.0
0.13085856	1.0
0.00040641404	1.0
0.00017749159	1.0
0.8458268	1.0
0.014181522	1.0
0.3138382	1.0
0.21173854	1.0
0.038089294	1.0
0.009626131	1.0
0.07456529	1.0
0.47919855	1.0
0.81949836	1.0
0.9336106	1.0
0.0019761499	1.0
0.38734987	1.0
0.7819933	1.0
0.024738327	1.0
0.0013489099	1.0
0.21982153	1.0
0.0003877269	1.0
1.2928539e-05	1.0
0.003294078	1.0
0.03279232	1.0
0.55051816	1.0
0.025135169	1.0
0.0018796325	1.0
0.17961685	1.0
1.8716228e-05	1.0
0.00043897107	1.0
0.7532915	1.0
0.27432844	1.0
0.3135557	1.0
0.04651354	1.0
0.008429485	1.0
0.73612463	1.0
0.6600749	1.0
0.13355242	1.0
0.12020665	1.0
0.10461626	1.0
0.070569746	1.0
0.09796682	1.0
0.5775711	1.0
0.033207867	1.0
0.17236042	1.0
0.03276215	1.0
0.015007809	1.0
4.9367216e-05	1.0
0.018288216	1.0
0.9769619	1.0
0.44381332	1.0
0.0017160813	1.0
0.043818787	1.0
0.8148379	1.0
0.2597519	1.0
0.13956097	1.0
0.06517185	1.0
0.023863537	1.0
0.021680538	1.0
0.15459464	1.0
0.07874858	1.0
0.026146466	1.0
0.58818746	1.0
0.9953518	1.0
0.07939234	1.0
0.3120366	1.0
0.5888824	1.0
0.17134422	1.0
0.04844596	1.0
0.817748	1.0
0.5257382	1.0
0.0047053513	1.0
0.04133392	1.0
0.0026856414	1.0
2.727514e-05	1.0
0.27819043	1.0
0.63030976	1.0
0.0058342847	1.0
0.00037947381	1.0
0.6933724	1.0
0.83681804	1.0
0.0024745383	1.0
8.3331244e-05	1.0
0.7933541	1.0
4.746063e-06	1.0
0.8304514	1.0
0.00047588753	1.0
0.7406758	1.0
0.77275795	1.0
0.75680023	1.0
0.2596855	1.0
0.54318154	1.0
0.3230784	1.0
0.60635847	1.0
0.0059235576	1.0
0.13201861	1.0
0.44961023	1.0
0.8403651	1.0
2.222271e-06	1.0
0.9248252	1.0
0.038417894	1.0
5.1936484e-05	1.0
0.12983057	1.0
0.0014172529	1.0
0.54882383	1.0
1.585275e-05	1.0
0.48557717	1.0
0.1472507	1.0
0.019846272	1.0
0.9734951	1.0
0.48058954	1.0
0.0338093	1.0
0.04596555	1.0
0.14200233	1.0
0.0015374285	1.0
0.086707234	1.0
0.57417154	1.0
4.3661224e-05	1.0
0.8286716	1.0
0.62748164	1.0
0.041894533	1.0
0.026744043	1.0
0.001175551	1.0
0.04844626	1.0
0.44291088	1.0
0.20160201	1.0
0.338493	1.0
0.2085739	1.0
0.007874652	1.0
0.13223116	1.0
0.7781372	1.0
0.31108657	1.0
0.0019568526	1.0
0.004591458	1.0
0.40777183	1.0
0.51517	1.0
0.00016882748	1.0
0.9724097	1.0
0.5281965	1.0
0.00030364477	1.0
0.3409415	1.0
0.010737627	1.0
0.015495375	1.0
0.00037408713	1.0
0.107659094	1.0
0.07124191	1.0
0.63104576	1.0
0.01253168	1.0
0.20053053	1.0
0.00024330826	1.0
0.9769397	1.0
0.0001485758	1.0
0.16152926	1.0
0.0009021501	1.0
0.019129632	1.0
3.735631e-05	1.0
0.0020091624	1.0
0.01238349	1.0
0.12742859	1.0
0.050266076	1.0
0.6563118	1.0
0.0024912334	1.0
0.013801291	1.0
6.4732856e-05	1.0
