score	label
5.659463e-05	0.0
1.1375146e-05	0.0
0.0007560655	0.0
5.5630815e-05	0.0
1.819311e-05	0.0
0.00013957327	0.0
0.015600696	0.0
7.640439e-05	0.0
0.008720055	0.0
0.25713965	0.0
4.7776553e-05	0.0
0.0005496202	0.0
0.006686882	0.0
0.0006579487	0.0
0.013559182	0.0
0.003923162	0.0
0.00104181	0.0
0.0002218888	0.0
0.0005194397	0.0
0.001957872	0.0
0.21492188	0.0
0.00025793913	0.0
0.002211796	0.0
2.5348203e-05	0.0
1.0118484e-05	0.0
0.0004911144	0.0
0.015522854	0.0
6.154944e-05	0.0
0.0020890413	0.0
0.00021462944	0.0
2.551653e-05	0.0
0.00056938716	0.0
3.6878293e-05	0.0
3.611425e-05	0.0
0.003915229	0.0
0.0038106136	0.0
6.0901104e-05	0.0
2.7814569e-05	0.0
4.2251224e-05	0.0
7.068891e-05	0.0
0.00014698191	0.0
4.4079417e-05	0.0
0.0002523716	0.0
0.03685571	0.0
0.012922314	0.0
0.0016350677	0.0
0.32078594	0.0
0.00010087256	0.0
2.7196224e-05	0.0
0.020405127	0.0
9.130537e-06	0.0
2.490184e-05	0.0
5.2380576e-05	0.0
0.000138016	0.0
0.00012674253	0.0
3.1042327e-06	0.0
0.00030078396	0.0
0.0003746092	0.0
3.0205594e-05	0.0
6.789892e-06	0.0
0.00025656616	0.0
0.0014695653	0.0
0.00014650177	0.0
0.0024468778	0.0
0.0006052245	0.0
0.00035995911	0.0
0.001020151	0.0
0.057342418	0.0
0.004791619	0.0
4.4208824e-05	0.0
0.00011672545	0.0
3.889242e-05	0.0
2.1673789e-06	0.0
8.265698e-06	0.0
0.00019261641	0.0
5.993864e-05	0.0
0.0020902713	0.0
6.8436486e-05	0.0
0.00018684022	0.0
0.00014681216	0.0
0.00839961	0.0
0.19073282	0.0
2.8311144e-05	0.0
0.00015734711	0.0
2.7196224e-05	0.0
8.036126e-05	0.0
0.00028999962	0.0
5.244744e-06	0.0
3.5108271e-06	0.0
2.563701e-05	0.0
0.00014075125	0.0
0.00031074122	0.0
0.19189103	0.0
0.00030413925	0.0
4.2309952e-05	0.0
1.06536045e-05	0.0
0.00041408974	0.0
0.012518051	0.0
0.003205303	0.0
0.0014289542	0.0
0.0004911144	0.0
1.7034521e-05	0.0
0.013559182	0.0
0.001174503	0.0
2.0729387e-05	0.0
0.0052879145	0.0
0.35114148	0.0
0.006753037	0.0
3.3906657e-05	0.0
4.5787678e-05	0.0
1.7643919e-05	0.0
2.1918384e-05	0.0
0.00064961537	0.0
9.951879e-06	0.0
2.6162903e-05	0.0
0.026821826	0.0
7.0078117e-06	0.0
0.032285314	0.0
1.91168e-05	0.0
1.3927504e-05	0.0
0.0018528916	0.0
9.255159e-05	0.0
0.00017992996	0.0
0.00012691681	0.0
0.00032700572	0.0
6.294222e-06	0.0
0.06783297	0.0
2.7925902e-05	0.0
3.6930604e-05	0.0
0.0032383767	0.0
1.7826665e-05	0.0
4.8567716e-05	0.0
0.0030461976	0.0
0.00026610782	0.0
0.000104443185	0.0
0.001118659	0.0
2.1659213e-05	0.0
6.280089e-05	0.0
0.00033474583	0.0
0.0003571848	0.0
1.7739616e-05	0.0
4.3743974e-05	0.0
1.3591746e-05	0.0
0.0024843195	0.0
0.0007096738	0.0
0.0006052245	0.0
7.682188e-06	0.0
3.1243737e-06	0.0
3.5798716e-06	0.0
0.00013528431	0.0
8.413829e-06	0.0
0.00010051391	0.0
0.041060816	0.0
0.00051325496	0.0
0.0015237478	0.0
0.00018048401	0.0
0.012346662	0.0
2.581971e-05	0.0
9.736136e-05	0.0
0.0008089559	0.0
0.028960768	0.0
0.27808383	0.0
1.4601273e-05	0.0
0.028540445	0.0
0.00027968627	0.0
3.3792057e-05	0.0
4.4857934e-05	0.0
9.283289e-06	0.0
2.404899e-05	0.0
1.1239753e-05	0.0
6.13621e-05	0.0
0.013617741	0.0
0.013617741	0.0
2.5944493e-05	0.0
0.00019468406	0.0
4.409684e-05	0.0
0.016893653	0.0
3.0453126e-05	0.0
0.00029502925	0.0
2.4137697e-05	0.0
0.0014011761	0.0
3.052107e-05	0.0
8.3138235e-05	0.0
1.3566215e-05	0.0
3.672516e-05	0.0
0.00012723407	0.0
0.00016655159	0.0
0.003701827	0.0
0.00013750557	0.0
0.0018586982	0.0
0.037905443	0.0
0.0038511895	0.0
8.127235e-05	0.0
3.5552464e-06	0.0
1.6179136e-05	0.0
1.3580488e-06	0.0
7.718533e-06	0.0
6.875517e-05	0.0
1.3729508e-05	0.0
0.03268488	0.0
2.3614839e-05	0.0
0.00010084118	0.0
1.5184646e-05	0.0
0.00013558126	0.0
0.00071522885	0.0
0.000337607	0.0
4.5379198e-05	0.0
1.2123443e-05	0.0
4.488811e-06	0.0
2.2819157e-05	0.0
3.362417e-05	0.0
5.4390457e-05	0.0
0.0027933973	0.0
0.00061004626	0.0
0.0009463265	0.0
1.3390239e-05	0.0
0.00024527492	0.0
1.704271e-05	0.0
4.8564918e-05	0.0
0.050165456	0.0
0.0005046576	0.0
1.2793646e-05	0.0
0.0007471417	0.0
0.01589634	0.0
9.539097e-05	0.0
0.009191587	0.0
0.00023428866	0.0
1.2161201e-05	0.0
5.1660783e-05	0.0
0.00042943377	0.0
1.3355452e-05	0.0
0.082523935	0.0
0.000111998466	0.0
0.00040445593	0.0
0.0388439	0.0
0.00019376304	0.0
1.2200205e-05	0.0
0.49910876	0.0
0.00086768187	0.0
0.022364873	0.0
0.00019903337	0.0
0.00035900684	0.0
0.0010926224	0.0
7.029703e-05	0.0
3.1555087e-06	0.0
1.9007277e-05	0.0
1.5357646e-05	0.0
0.0006497886	0.0
0.001192511	0.0
0.0005346972	0.0
2.9438266e-05	0.0
0.07068477	0.0
2.7823791e-05	0.0
4.3252126e-05	0.0
0.00074093946	0.0
2.300988e-05	0.0
0.00021707917	0.0
0.009096116	0.0
5.3201143e-06	0.0
5.330771e-06	0.0
5.8058515e-05	0.0
0.0041376958	0.0
9.9756835e-05	0.0
7.1385875e-06	0.0
1.3895187e-05	0.0
0.32741687	0.0
0.0037824728	0.0
0.00056455936	0.0
2.8035744e-05	0.0
2.1727286e-05	0.0
0.069347985	0.0
0.0032660775	0.0
0.0025346025	0.0
0.00266598	0.0
1.7994003e-05	0.0
0.075418465	0.0
0.078474596	0.0
0.0022503021	0.0
3.706268e-05	0.0
0.0007947592	0.0
0.00078352273	0.0
0.113412045	0.0
6.797478e-05	0.0
0.06507111	0.0
1.8401246e-05	0.0
0.013206388	0.0
0.00011381745	0.0
0.00024956575	0.0
6.619563e-05	0.0
0.00043077543	0.0
7.2170624e-06	0.0
3.2951853e-06	0.0
1.3697583e-06	0.0
6.037203e-06	0.0
7.04009e-06	0.0
0.00043903335	0.0
0.0014879501	0.0
5.0701492e-05	0.0
0.05928875	0.0
0.008023679	0.0
0.0009067265	0.0
1.757436e-05	0.0
0.0010594055	0.0
0.0062296554	0.0
8.110186e-05	0.0
0.005005525	0.0
0.0024407338	0.0
0.016669167	0.0
9.719523e-05	0.0
0.00044615866	0.0
2.4901781e-05	0.0
0.00013191324	0.0
0.00077942887	0.0
5.069378e-05	0.0
0.00012611775	0.0
5.2609965e-05	0.0
0.0019438155	0.0
4.7172343e-05	0.0
0.00043398148	0.0
0.0031562194	0.0
0.0021789242	0.0
0.2634578	0.0
0.00093597855	0.0
0.0003680357	0.0
0.0005938528	0.0
3.921431e-05	0.0
0.016025718	0.0
0.00036802032	0.0
0.0017376228	0.0
0.0003925562	0.0
0.00026224702	0.0
6.04748e-05	0.0
0.02968855	0.0
1.3705265e-05	0.0
0.00014633794	0.0
0.0026377381	0.0
0.00010506892	0.0
0.060314387	0.0
0.004109994	0.0
0.0003705239	0.0
0.016180648	0.0
0.0022518733	0.0
7.5573174e-05	0.0
0.031447247	0.0
9.062012e-05	0.0
0.2952017	0.0
1.3832716e-05	0.0
1.0621695e-05	0.0
0.0005497666	0.0
0.64337	0.0
6.621164e-05	0.0
0.0227313	0.0
0.014634289	0.0
0.0005505466	0.0
0.0008083759	0.0
5.033873e-05	0.0
1.649807e-05	0.0
4.8536895e-05	0.0
0.0018017646	0.0
0.014219719	0.0
0.00013024561	0.0
0.0026377381	0.0
6.7863024e-05	0.0
0.00019000118	0.0
0.0016856351	0.0
0.008024688	0.0
0.0074336105	0.0
6.614367e-05	0.0
0.000266805	0.0
0.0006322068	0.0
0.00023225062	0.0
0.0008632635	0.0
0.0003235057	0.0
0.0009804354	0.0
0.02097075	0.0
5.3703043e-06	0.0
0.000386105	0.0
0.0012630504	0.0
1.7446244e-05	0.0
0.0017581311	0.0
0.094015285	0.0
5.2639643e-05	0.0
0.003924858	0.0
0.00013047607	0.0
0.0074336105	0.0
0.000932509	0.0
3.9972085e-05	0.0
0.0001618068	0.0
4.8734873e-05	0.0
3.1337862e-05	0.0
0.00022774083	0.0
9.649386e-05	0.0
0.0010519848	0.0
5.3970354e-05	0.0
1.4364913e-05	0.0
0.0002751375	0.0
0.017628636	0.0
0.00021804792	0.0
0.0022464767	0.0
4.6148714e-05	0.0
5.3243664e-05	0.0
0.007065619	0.0
2.7841712e-05	0.0
5.7705085e-05	0.0
0.0003811071	0.0
0.009650916	0.0
6.3701336e-05	0.0
0.020149319	0.0
0.00019800417	0.0
0.000322396	0.0
8.328047e-05	0.0
0.0013248342	0.0
3.353256e-05	0.0
2.0178883e-05	0.0
4.6148714e-05	0.0
0.000106137355	0.0
0.00012388504	0.0
4.118956e-05	0.0
0.000139607	0.0
0.0012172586	0.0
1.4364913e-05	0.0
6.7239445e-05	0.0
4.4249635e-05	0.0
1.3956829e-05	0.0
0.00014787904	0.0
0.0017616441	0.0
3.9327042e-05	0.0
0.0003136272	0.0
0.00022217934	0.0
7.980856e-05	0.0
0.0006340975	0.0
6.5902386e-05	0.0
3.4350247e-05	0.0
6.493411e-05	0.0
3.9127397e-05	0.0
1.3496821e-05	0.0
0.0011362259	0.0
2.474767e-05	0.0
0.004831555	0.0
0.0008723672	0.0
0.0009792256	0.0
0.00017497833	0.0
0.0023107403	0.0
4.4133834e-05	0.0
0.00056187075	0.0
0.00068140775	0.0
0.0010462933	0.0
0.018527389	0.0
0.06715566	0.0
4.2478634e-05	0.0
0.00036579528	0.0
3.9064937e-05	0.0
3.301949e-05	0.0
2.6896016e-06	0.0
0.0006766462	0.0
0.00069634005	0.0
4.538163e-05	0.0
0.0042201285	0.0
0.0031721778	0.0
0.0022518733	0.0
0.0011712576	0.0
0.00020864818	0.0
0.00043706346	0.0
2.5212137e-05	0.0
0.00019078417	0.0
1.3956829e-05	0.0
0.004831323	0.0
0.045247734	0.0
0.0012377797	0.0
0.00016965189	0.0
0.0001589004	0.0
0.001031653	0.0
0.00096426735	0.0
2.1912725e-05	0.0
1.8568664e-05	0.0
0.0033494737	0.0
9.51012e-05	0.0
0.013956258	0.0
1.0621695e-05	0.0
0.009507042	0.0
0.00012768213	0.0
0.00029631043	0.0
0.00012932639	0.0
0.00016965189	0.0
0.008281498	0.0
0.00013017461	0.0
0.24984221	0.0
0.01062693	0.0
3.921431e-05	0.0
0.0005276881	0.0
2.1592674e-05	0.0
1.1998871e-05	0.0
1.9963987e-05	0.0
2.1375956e-05	0.0
0.014219719	0.0
4.8980455e-05	0.0
0.00067814696	0.0
7.982017e-05	0.0
2.9898893e-05	0.0
0.08416601	0.0
0.13857163	0.0
0.00080989714	0.0
7.148322e-05	0.0
0.0003844987	0.0
0.0007232448	0.0
0.00048706416	0.0
0.04888856	0.0
0.060314387	0.0
3.6130805e-05	0.0
0.00045604343	0.0
0.002039794	0.0
4.0601535e-05	0.0
0.0005023469	0.0
0.0037660932	0.0
0.00089624914	0.0
0.22070701	0.0
0.19300549	0.0
0.00011516467	0.0
0.0002631879	0.0
7.768486e-05	0.0
1.3832716e-05	0.0
6.927948e-05	0.0
0.0011668389	0.0
7.715037e-05	0.0
0.0006148483	0.0
0.00096426735	0.0
2.0015543e-05	0.0
0.047100667	0.0
0.0071769184	0.0
2.4674127e-06	0.0
0.00013184124	0.0
1.7007163e-05	0.0
4.564383e-05	0.0
2.0178883e-05	0.0
0.0026108695	0.0
0.000313951	0.0
4.6148714e-05	0.0
0.00030421064	0.0
2.6020554e-05	0.0
0.0032434629	0.0
0.0025404093	0.0
0.0025275329	0.0
0.004734091	0.0
9.51012e-05	0.0
0.011108348	0.0
0.00012287944	0.0
1.880327e-05	0.0
0.00012308265	0.0
0.06715566	0.0
5.7848894e-05	0.0
0.002039794	0.0
1.3832716e-05	0.0
5.2233223e-05	0.0
6.197802e-05	0.0
0.017669152	0.0
1.0648378e-05	0.0
0.0011047315	0.0
0.0085205	0.0
0.0051414887	0.0
0.36717597	0.0
4.549914e-05	0.0
9.798128e-05	0.0
0.0012534087	0.0
2.1887825e-05	0.0
0.00027598103	0.0
0.0019204809	0.0
0.001187782	0.0
0.00071780564	0.0
0.00020140635	0.0
0.013843128	0.0
0.0010919314	0.0
0.0022936654	0.0
0.0058128145	0.0
0.005224205	0.0
0.00012388504	0.0
0.00020693731	0.0
4.1659227e-05	0.0
0.0001774202	0.0
0.00023873894	0.0
4.3591845e-05	0.0
0.00021708221	0.0
0.0002887933	0.0
3.878649e-05	0.0
0.023670956	0.0
0.0014964294	0.0
0.00010187093	0.0
0.0012278104	0.0
1.18657545e-05	0.0
0.001318869	0.0
0.008401979	0.0
9.608969e-05	0.0
0.00024203	0.0
0.005138245	0.0
7.01186e-05	0.0
8.743096e-05	0.0
0.00017764338	0.0
6.197802e-05	0.0
0.00016212641	0.0
2.8149086e-06	0.0
0.0015166154	0.0
0.006210553	0.0
5.3703043e-06	0.0
0.0008632635	0.0
0.00020775046	0.0
0.0019204809	0.0
0.00032725753	0.0
5.9633465e-05	0.0
7.08129e-05	0.0
1.3900134e-05	0.0
0.3559493	0.0
0.0006483213	0.0
0.00024354433	0.0
0.074417524	0.0
6.8740433e-06	0.0
5.588755e-05	0.0
3.3526198e-05	0.0
0.00066955725	0.0
0.16530043	0.0
3.5437766e-05	0.0
0.00028628172	0.0
0.00064670306	0.0
0.003365799	0.0
1.0846176e-05	0.0
0.00031311144	0.0
0.00071780564	0.0
0.001178858	0.0
2.5308085e-05	0.0
0.0003626885	0.0
8.1477905e-05	0.0
0.0006836001	0.0
7.6890865e-05	0.0
0.0027404416	0.0
0.0023201911	0.0
0.00017086929	0.0
0.00064645323	0.0
0.00013612704	0.0
2.9949276e-06	0.0
1.0023354e-05	0.0
3.8330645e-06	0.0
2.8691797e-05	0.0
3.0734835e-05	0.0
4.2089514e-06	0.0
0.0007186673	0.0
3.830934e-05	0.0
0.10162127	0.0
0.00014467984	0.0
3.24422e-05	0.0
0.00010145286	0.0
0.0001451075	0.0
4.4919357e-06	0.0
0.0034138372	0.0
0.000117191696	0.0
1.2098385e-05	0.0
9.801556e-06	0.0
0.00069634005	0.0
0.0017504351	0.0
0.00014633794	0.0
0.0005373803	0.0
0.0033539105	0.0
2.1887825e-05	0.0
3.3858993e-05	0.0
9.92443e-06	0.0
2.3788063e-05	0.0
1.131305e-05	0.0
9.182141e-06	0.0
0.00014765754	0.0
1.3867396e-05	0.0
0.0005830115	0.0
0.065279745	0.0
0.00012768213	0.0
0.0013489445	0.0
0.008841281	0.0
4.4626424e-05	0.0
6.4689775e-05	0.0
0.0015260301	0.0
5.8740843e-06	0.0
0.0020097343	0.0
1.9629068e-05	0.0
0.00045604343	0.0
0.00058057293	0.0
2.0793605e-05	0.0
4.5584195e-05	0.0
6.326383e-05	0.0
8.235909e-05	0.0
0.00022915071	0.0
0.0009787447	0.0
0.0032489866	0.0
2.1887825e-05	0.0
0.0009787447	0.0
0.00029100638	0.0
0.000118128235	0.0
0.002822761	0.0
8.7945795e-05	0.0
1.540601e-05	0.0
2.3999159e-05	0.0
0.020935472	0.0
0.047970977	0.0
0.0021757185	0.0
0.0031562194	0.0
0.0025994012	0.0
0.000807309	0.0
0.0015274198	0.0
0.014942037	0.0
1.4487609e-05	0.0
4.3829117e-05	0.0
0.0007270095	0.0
1.2152573e-05	0.0
6.243242e-05	0.0
0.036447447	0.0
0.003034434	0.0
0.0002603045	0.0
1.7494453e-05	0.0
0.00015360789	0.0
0.00010021405	0.0
0.0005436138	0.0
0.000101002996	0.0
0.0021025406	0.0
7.992841e-05	0.0
0.00019635682	0.0
6.069151e-05	0.0
0.13124323	0.0
4.5762117e-05	0.0
7.024189e-06	0.0
0.0002147373	0.0
1.2358682e-05	0.0
0.00012835377	0.0
4.241469e-06	0.0
0.0002852878	0.0
0.0036231463	0.0
0.0005002646	0.0
0.0014594668	0.0
1.0100544e-05	0.0
5.4867032e-05	0.0
5.8266927e-05	0.0
0.0023689882	0.0
6.13785e-05	0.0
6.237464e-05	0.0
0.014403762	0.0
0.065279745	0.0
0.0048661456	0.0
0.00016920552	0.0
0.00011785118	0.0
0.006542942	0.0
1.1214388e-05	0.0
0.00014596709	0.0
0.029717892	0.0
5.0176808e-05	0.0
0.0057424186	0.0
0.0067865397	0.0
9.0304886e-05	0.0
4.7722257e-05	0.0
8.349664e-05	0.0
0.114523485	0.0
9.400996e-06	0.0
0.009650916	0.0
0.0017551745	0.0
9.020472e-06	0.0
0.0008937825	0.0
0.00036677936	0.0
0.00049176166	0.0
1.8126337e-05	0.0
0.00019715645	0.0
6.817614e-05	0.0
4.8980455e-05	0.0
9.71215e-05	0.0
0.00013917609	0.0
0.0046990486	0.0
0.00018663827	0.0
0.00041851457	0.0
4.466147e-05	0.0
0.00013202256	0.0
0.023326246	0.0
3.8708866e-05	0.0
3.637093e-05	0.0
0.00048572646	0.0
0.00036212822	0.0
4.2507618e-05	0.0
3.1976713e-05	0.0
0.0010010062	0.0
5.770913e-05	0.0
9.585104e-05	0.0
0.00025519362	0.0
4.329695e-05	0.0
0.00038505267	0.0
0.00027246014	0.0
3.785235e-05	0.0
0.0013940638	0.0
0.00019579097	0.0
0.000133065	0.0
2.7654094e-05	0.0
0.00051371416	0.0
0.00018415418	0.0
1.9708821e-05	0.0
0.00067814696	0.0
0.00032871874	0.0
0.00035966135	0.0
2.678409e-05	0.0
0.016972803	0.0
4.7911268e-05	0.0
0.0003802469	0.0
0.0009304872	0.0
5.1518768e-05	0.0
0.00011434441	0.0
0.02588152	0.0
2.7841712e-05	0.0
0.0082221925	0.0
0.0006120324	0.0
5.526091e-05	0.0
0.00012053943	0.0
0.00012283826	0.0
0.00038579523	0.0
0.0002542212	0.0
8.6501524e-05	0.0
0.0006907435	0.0
8.733171e-05	0.0
4.005178e-05	0.0
0.00024203	0.0
0.041511834	0.0
0.00013268275	0.0
3.4350247e-05	0.0
0.0010255119	0.0
4.826325e-05	0.0
0.0026465668	0.0
0.000119770564	0.0
0.00013202256	0.0
0.00066821283	0.0
8.7387416e-05	0.0
0.00049203634	0.0
5.8155707e-05	0.0
0.00025709215	0.0
0.000749784	0.0
7.577335e-05	0.0
0.00045216913	0.0
0.19639412	0.0
0.003143853	0.0
1.8392193e-05	0.0
0.00039868683	0.0
0.00013024561	0.0
1.9708821e-05	0.0
0.00040803343	0.0
0.042050306	0.0
0.00089690427	0.0
8.896391e-06	0.0
0.00940745	0.0
0.0040245648	0.0
4.0874198e-05	0.0
0.00010295267	0.0
5.526091e-05	0.0
7.658782e-06	0.0
5.4891978e-05	0.0
9.353935e-05	0.0
4.297999e-07	0.0
1.3330881e-06	0.0
1.509469e-05	0.0
1.2864453e-05	0.0
2.5800322e-05	0.0
3.4550903e-06	0.0
3.5657508e-06	0.0
5.437545e-06	0.0
1.8983925e-06	0.0
1.7518136e-06	0.0
3.42235e-05	0.0
6.9119895e-05	0.0
6.0921543e-06	0.0
0.00033599196	0.0
2.1563523e-05	0.0
6.564216e-06	0.0
1.4173619e-06	0.0
9.531337e-06	0.0
2.2350236e-05	0.0
9.69591e-06	0.0
1.4699716e-06	0.0
0.00016220745	0.0
6.4505243e-06	0.0
1.5732878e-06	0.0
6.295824e-05	0.0
5.1013376e-06	0.0
5.7266065e-05	0.0
1.50231745e-05	0.0
5.6473077e-06	0.0
3.810456e-06	0.0
2.1712065e-06	0.0
0.0024912094	0.0
0.00037544852	0.0
5.6964996e-06	0.0
3.8117458e-05	0.0
0.0005874999	0.0
5.916823e-06	0.0
0.00016853532	0.0
3.0455965e-05	0.0
3.3240974e-06	0.0
1.3079741e-06	0.0
2.7566768e-05	0.0
3.223922e-06	0.0
1.6353551e-06	0.0
5.962609e-05	0.0
1.7139884e-05	0.0
1.4395862e-05	0.0
2.3496317e-05	0.0
2.729231e-05	0.0
1.2331157e-05	0.0
0.00095192465	0.0
9.470933e-06	0.0
0.016322091	0.0
2.0139369e-05	0.0
7.856856e-06	0.0
7.5159282e-06	0.0
1.3054727e-06	0.0
5.116526e-06	0.0
4.717111e-06	0.0
8.210892e-06	0.0
0.016282586	0.0
1.5614516e-05	0.0
1.7860526e-06	0.0
3.4057688e-05	0.0
0.00049947225	0.0
4.935692e-06	0.0
6.2013413e-07	0.0
1.3967053e-06	0.0
2.7764e-06	0.0
7.22484e-07	0.0
3.4933419e-06	0.0
0.0017559532	0.0
0.00032373	0.0
8.0913094e-05	0.0
2.342476e-06	0.0
0.0001689814	0.0
3.644366e-05	0.0
2.0194118e-05	0.0
9.592428e-07	0.0
4.351766e-06	0.0
7.2777216e-06	0.0
1.090923e-05	0.0
2.3778948e-06	0.0
2.1702754e-05	0.0
3.4435496e-05	0.0
1.5068804e-05	0.0
2.886051e-06	0.0
1.5718006e-06	0.0
2.0450423e-05	0.0
6.1896003e-07	0.0
1.6218518e-06	0.0
6.650311e-06	0.0
6.076928e-07	0.0
3.3615277e-05	0.0
3.6836263e-06	0.0
0.00013144797	0.0
3.8438043e-06	0.0
3.5829519e-06	0.0
0.00012143392	0.0
2.4840472e-06	0.0
1.9974852e-05	0.0
2.6583666e-06	0.0
8.614388e-07	0.0
1.27536305e-05	0.0
6.1619136e-07	0.0
1.2365847e-06	0.0
1.0620004e-06	0.0
2.7036326e-06	0.0
0.00038513262	0.0
1.2571574e-05	0.0
6.9451758e-06	0.0
1.4987265e-06	0.0
0.00056063733	0.0
3.0445224e-06	0.0
2.6620182e-05	0.0
7.324035e-06	0.0
8.48802e-07	0.0
6.251283e-06	0.0
1.3678676e-06	0.0
1.580591e-05	0.0
0.00029260592	0.0
3.254705e-06	0.0
4.9415325e-05	0.0
3.3920646e-06	0.0
0.0002421321	0.0
7.4976997e-06	0.0
7.362845e-06	0.0
3.8108217e-06	0.0
5.7866346e-06	0.0
1.0205744e-06	0.0
1.375174e-06	0.0
1.7971344e-05	0.0
3.1976055e-05	0.0
1.1705252e-05	0.0
4.0174297e-07	0.0
6.6930356e-06	0.0
2.2030679e-06	0.0
2.7151476e-05	0.0
3.2979206e-06	0.0
2.0348953e-05	0.0
0.012644447	0.0
4.996989e-05	0.0
0.00018612687	0.0
2.8491022e-06	0.0
1.9568747e-06	0.0
0.00359283	0.0
3.7955302e-05	0.0
0.0007800504	0.0
2.3954506e-05	0.0
2.2512002e-06	0.0
4.6633122e-05	0.0
7.897041e-06	0.0
9.540409e-06	0.0
4.4152725e-06	0.0
1.3339387e-05	0.0
3.4869543e-06	0.0
2.816866e-05	0.0
7.060539e-05	0.0
0.0018247145	0.0
0.00019357738	0.0
0.00015287251	0.0
2.0734375e-05	0.0
0.0001268557	0.0
9.0329195e-06	0.0
1.3922165e-06	0.0
1.9009527e-05	0.0
0.00029550944	0.0
9.4658935e-06	0.0
7.6641703e-07	0.0
1.1999043e-05	0.0
0.010891038	0.0
1.3488709e-06	0.0
0.11873195	0.0
2.1761318e-05	0.0
8.682503e-07	0.0
2.1956304e-05	0.0
0.0004917246	0.0
6.116874e-07	0.0
1.8207944e-06	0.0
8.591175e-07	0.0
0.00035249008	0.0
1.52270395e-05	0.0
6.583257e-06	0.0
5.5099692e-05	0.0
4.336405e-06	0.0
2.753645e-05	0.0
0.00012078354	0.0
0.0003743746	0.0
4.4502954e-07	0.0
1.6771146e-06	0.0
9.416573e-06	0.0
7.1535743e-07	0.0
3.833908e-06	0.0
1.6941443e-06	0.0
4.678775e-05	0.0
1.3735749e-05	0.0
5.3824842e-06	0.0
1.20692675e-05	0.0
0.00040139185	0.0
0.000119210505	0.0
6.4732165e-05	0.0
5.0892413e-05	0.0
1.3900841e-05	0.0
1.0115526e-06	0.0
2.3091195e-06	0.0
1.9961339e-05	0.0
1.4602405e-06	0.0
1.3611965e-05	0.0
4.797563e-06	0.0
1.1698606e-06	0.0
4.3633543e-05	0.0
0.0012145218	0.0
1.3668601e-05	0.0
7.7568797e-07	0.0
1.1642361e-05	0.0
1.5864169e-05	0.0
2.0401992e-06	0.0
8.96298e-06	0.0
1.2358872e-05	0.0
1.7242344e-05	0.0
3.9368547e-06	0.0
8.718755e-06	0.0
2.0798798e-06	0.0
5.977532e-05	0.0
0.009842719	0.0
2.385738e-05	0.0
9.274664e-06	0.0
2.8016453e-05	0.0
8.646024e-06	0.0
1.603241e-05	0.0
2.2348118e-07	0.0
5.7995015e-07	0.0
0.00013537283	0.0
5.065509e-05	0.0
5.0789868e-06	0.0
3.1925883e-05	0.0
9.321108e-07	0.0
2.6217633e-05	0.0
2.8487054e-06	0.0
7.680608e-06	0.0
6.9042594e-06	0.0
2.0125275e-05	0.0
0.004740997	0.0
2.18993e-06	0.0
1.226459e-06	0.0
4.340754e-06	0.0
1.7186933e-06	0.0
0.0003923033	0.0
4.2194595e-05	0.0
9.62901e-06	0.0
4.599892e-05	0.0
1.073516e-05	0.0
4.0198997e-06	0.0
4.8900597e-06	0.0
3.441914e-06	0.0
0.0007007149	0.0
2.1781963e-05	0.0
0.000120865916	0.0
6.883767e-07	0.0
4.7310414e-06	0.0
5.2806543e-05	0.0
8.744579e-06	0.0
1.5824158e-05	0.0
1.3657599e-06	0.0
1.1274401e-05	0.0
1.1902784e-05	0.0
2.6061996e-06	0.0
9.679932e-07	0.0
4.856912e-07	0.0
1.651365e-06	0.0
7.263894e-06	0.0
8.450465e-06	0.0
0.0017532898	0.0
4.878123e-07	0.0
2.8091447e-06	0.0
2.1563523e-05	0.0
5.681388e-07	0.0
4.9437604e-06	0.0
1.2032979e-05	0.0
1.6430371e-05	0.0
1.124448e-05	0.0
0.00015376981	0.0
3.4506022e-06	0.0
4.994851e-06	0.0
4.885708e-06	0.0
7.5220765e-07	0.0
2.2987156e-06	0.0
3.0210813e-06	0.0
2.4411627e-06	0.0
3.5531089e-06	0.0
2.7885212e-06	0.0
9.344542e-06	0.0
4.2283e-06	0.0
3.6152255e-06	0.0
2.0074092e-05	0.0
0.00056455936	0.0
0.0001131773	0.0
0.0007982026	0.0
2.388805e-06	0.0
1.717976e-06	0.0
4.1189924e-05	0.0
3.9899024e-07	0.0
1.2323719e-05	0.0
5.9487425e-06	0.0
2.0800724e-05	0.0
8.418257e-06	0.0
1.9558083e-05	0.0
2.4013284e-06	0.0
5.16442e-05	0.0
2.8665268e-06	0.0
9.511679e-06	0.0
5.7348734e-06	0.0
9.729919e-06	0.0
2.9514515e-05	0.0
2.8856975e-06	0.0
5.7457294e-07	0.0
9.17492e-07	0.0
4.691866e-06	0.0
1.8459865e-05	0.0
2.3338027e-05	0.0
8.593614e-06	0.0
1.7920951e-05	0.0
2.869294e-06	0.0
3.3584503e-05	0.0
5.1984454e-05	0.0
8.122851e-07	0.0
1.5533422e-05	0.0
1.8706344e-06	0.0
4.9445166e-06	0.0
4.7292102e-05	0.0
4.70487e-05	0.0
1.8108534e-05	0.0
1.3030692e-05	0.0
1.3084493e-05	0.0
2.9360117e-05	0.0
0.00048709568	0.0
1.1890671e-05	0.0
3.852042e-06	0.0
1.2717492e-06	0.0
7.4515942e-06	0.0
5.0777646e-05	0.0
3.5757224e-05	0.0
6.910961e-07	0.0
0.005919128	0.0
2.1488106e-06	0.0
2.3969416e-05	0.0
9.039224e-06	0.0
1.7209144e-05	0.0
2.3884179e-05	0.0
1.0086504e-06	0.0
7.001019e-07	0.0
3.5633918e-06	0.0
1.9513757e-06	0.0
1.3878821e-05	0.0
5.0795184e-06	0.0
6.490748e-05	0.0
4.740795e-06	0.0
1.3991617e-05	0.0
1.3652178e-06	0.0
5.2614478e-06	0.0
1.1332059e-05	0.0
2.0804291e-05	0.0
5.5910255e-06	0.0
1.207809e-06	0.0
1.1413761e-06	0.0
8.263742e-06	0.0
0.0009317821	0.0
1.7090399e-06	0.0
2.3502098e-05	0.0
0.000296287	0.0
0.00013547453	0.0
2.2963692e-05	0.0
7.959318e-06	0.0
8.365644e-06	0.0
8.091165e-06	0.0
1.6082815e-05	0.0
5.908937e-07	0.0
2.0239055e-05	0.0
6.3547022e-06	0.0
0.00027976124	0.0
1.0149913e-06	0.0
4.7849107e-06	0.0
3.0216554e-06	0.0
1.5288539e-05	0.0
3.8189473e-06	0.0
5.6390184e-07	0.0
2.388215e-05	0.0
4.4278236e-06	0.0
2.5520455e-06	0.0
0.00022239509	0.0
0.0001548811	0.0
0.00013816125	0.0
6.5045606e-06	0.0
3.7741931e-06	0.0
8.7519e-06	0.0
0.00016537009	0.0
6.482515e-05	0.0
6.0824164e-05	0.0
3.8896637e-06	0.0
1.3796159e-05	0.0
4.92965e-05	0.0
1.582451e-05	0.0
1.2888249e-06	0.0
2.4324688e-06	0.0
8.352999e-07	0.0
2.4317535e-06	0.0
0.19526006	0.0
7.845475e-05	0.0
2.0121079e-06	0.0
0.000100682075	0.0
6.8656823e-06	0.0
1.3936636e-06	0.0
0.017079532	0.0
4.395771e-05	0.0
0.00020648281	0.0
1.7456022e-06	0.0
1.8964356e-05	0.0
4.7148475e-05	0.0
0.0027923977	0.0
2.0073167e-06	0.0
6.5007343e-06	0.0
6.2333766e-07	0.0
2.2987904e-06	0.0
2.972898e-05	0.0
9.337902e-05	0.0
6.501056e-05	0.0
4.2064016e-06	0.0
2.0125772e-05	0.0
2.5413499e-06	0.0
0.0002505353	0.0
1.6808295e-06	0.0
6.71735e-07	0.0
2.0295765e-05	0.0
1.657977e-06	0.0
9.543564e-07	0.0
0.0002999547	0.0
4.907066e-06	0.0
6.887473e-07	0.0
5.610075e-06	0.0
3.5936425e-06	0.0
8.3265395e-06	0.0
1.7434924e-05	0.0
8.653522e-06	0.0
7.885698e-05	0.0
4.739166e-07	0.0
5.6789864e-05	0.0
1.0041033e-05	0.0
2.631423e-06	0.0
2.9053597e-06	0.0
5.991506e-06	0.0
2.0140667e-06	0.0
0.017710766	0.0
7.89109e-06	0.0
1.9331432e-05	0.0
5.7813445e-06	0.0
2.1503647e-05	0.0
2.9248527e-06	0.0
5.3940616e-06	0.0
3.3561657e-06	0.0
6.454861e-06	0.0
7.7477273e-07	0.0
1.250861e-06	0.0
2.2596241e-07	0.0
2.8708566e-05	0.0
3.1342053e-05	0.0
1.1595591e-05	0.0
1.1607035e-05	0.0
4.7954174e-05	0.0
8.558347e-07	0.0
2.0183081e-06	0.0
7.873552e-05	0.0
9.394468e-06	0.0
0.0070199273	0.0
4.6636756e-06	0.0
8.040074e-06	0.0
2.4770196e-05	0.0
1.9633419e-05	0.0
7.1881295e-06	0.0
1.1029239e-05	0.0
4.0639294e-05	0.0
1.5566055e-06	0.0
4.6563982e-06	0.0
0.0001324819	0.0
9.893885e-06	0.0
1.7570418e-06	0.0
3.5764326e-06	0.0
9.4889565e-06	0.0
9.205662e-06	0.0
2.1488872e-06	0.0
1.7755408e-05	0.0
8.4592495e-05	0.0
1.2101717e-06	0.0
6.3374137e-06	0.0
3.6649017e-05	0.0
6.861394e-06	0.0
1.5389895e-06	0.0
0.0001629504	0.0
1.6894714e-05	0.0
0.00018847606	0.0
3.9475476e-06	0.0
1.4482308e-05	0.0
1.7951246e-05	0.0
2.0600235e-06	0.0
7.7514943e-07	0.0
4.429974e-06	0.0
2.335858e-05	0.0
3.6974354e-06	0.0
1.1260257e-05	0.0
1.711688e-06	0.0
0.0018455321	0.0
2.9568475e-06	0.0
6.76512e-05	0.0
0.00013415409	0.0
1.6729064e-06	0.0
0.00025835	0.0
4.8903016e-06	0.0
0.006271735	0.0
7.522189e-07	0.0
6.1030664e-07	0.0
1.9694141e-06	0.0
0.00018641264	0.0
3.316197e-06	0.0
2.8713955e-06	0.0
0.00024047389	0.0
0.00019234554	0.0
1.2031218e-05	0.0
0.00043605498	0.0
6.7405463e-06	0.0
1.2830765e-06	0.0
2.4326705e-06	0.0
2.4857343e-06	0.0
1.5949438e-06	0.0
3.2667024e-06	0.0
0.00011033677	0.0
9.210609e-05	0.0
3.1328756e-05	0.0
0.000984841	0.0
3.0280166e-06	0.0
6.7366987e-06	0.0
0.00011551429	0.0
1.0683793e-06	0.0
2.6281821e-05	0.0
3.8007097e-06	0.0
3.6606558e-05	0.0
5.5683645e-06	0.0
1.6774941e-06	0.0
1.0300718e-06	0.0
4.9692258e-06	0.0
3.421502e-06	0.0
5.6793883e-06	0.0
7.575426e-06	0.0
4.9178357e-06	0.0
2.6834756e-05	0.0
1.8740882e-05	0.0
2.2990656e-05	0.0
1.7578185e-06	0.0
2.5027857e-05	0.0
5.417599e-07	0.0
3.3502904e-06	0.0
1.118083e-06	0.0
0.0017995978	0.0
5.810208e-06	0.0
4.237252e-06	0.0
2.2878952e-05	0.0
9.031118e-05	0.0
9.075083e-06	0.0
2.732159e-05	0.0
0.00018767572	0.0
7.7258876e-05	0.0
0.00035888617	0.0
7.6289143e-06	0.0
0.00014919699	0.0
4.072717e-05	0.0
2.0180512e-06	0.0
2.6453197e-06	0.0
4.4993092e-05	0.0
0.00043497793	0.0
4.6910893e-05	0.0
0.0035624	0.0
1.449415e-06	0.0
2.7988453e-05	0.0
5.5733412e-06	0.0
1.3487151e-05	0.0
2.1352907e-06	0.0
0.040814977	0.0
2.3045739e-06	0.0
1.1758445e-05	0.0
2.863973e-05	0.0
5.0005434e-05	0.0
3.6035046e-06	0.0
1.34885795e-05	0.0
0.00020775756	0.0
1.1796471e-06	0.0
9.795709e-07	0.0
5.718469e-05	0.0
0.0012411394	0.0
1.4696767e-05	0.0
6.570117e-06	0.0
7.655774e-06	0.0
1.0929549e-06	0.0
8.075292e-06	0.0
1.5491614e-05	0.0
8.741552e-05	0.0
0.00040008614	0.0
0.00042136628	0.0
2.9965347e-05	0.0
0.0007696164	0.0
7.5760254e-06	0.0
4.971056e-06	0.0
8.5287065e-06	0.0
0.00031151957	0.0
5.90312e-06	0.0
6.69033e-06	0.0
0.0002056983	0.0
0.0002894551	0.0
7.303765e-05	0.0
8.034445e-06	0.0
2.8634047e-06	0.0
0.00019573388	0.0
7.3282185e-06	0.0
6.818888e-07	0.0
3.468389e-06	0.0
3.7791335e-05	0.0
8.9222306e-07	0.0
2.8409936e-06	0.0
1.8132861e-05	0.0
1.6389009e-06	0.0
4.726324e-06	0.0
1.4924666e-06	0.0
1.4330803e-05	0.0
1.0542049e-06	0.0
1.0853221e-05	0.0
9.766304e-07	0.0
4.201153e-06	0.0
7.866828e-06	0.0
1.4893254e-06	0.0
8.311293e-06	0.0
0.17668812	0.0
1.6939173e-05	0.0
8.835775e-06	0.0
4.871653e-06	0.0
6.2380605e-06	0.0
1.884183e-05	0.0
7.529254e-06	0.0
6.0430542e-05	0.0
0.00039417864	0.0
1.0684747e-05	0.0
4.2021336e-05	0.0
3.625675e-05	0.0
0.27121088	0.0
0.00014132708	0.0
5.318206e-06	0.0
2.3374025e-05	0.0
2.262842e-05	0.0
3.9425136e-06	0.0
0.0009310604	0.0
8.54617e-06	0.0
1.0498585e-05	0.0
1.3665272e-06	0.0
0.005670607	0.0
0.007493108	0.0
4.363667e-06	0.0
6.068682e-05	0.0
3.0411737e-05	0.0
3.5051341e-06	0.0
3.2828739e-06	0.0
0.0004934518	0.0
1.9016314e-06	0.0
9.5365685e-05	0.0
1.11934705e-05	0.0
4.5385414e-06	0.0
7.883452e-07	0.0
4.9583323e-06	0.0
8.69381e-06	0.0
1.7838889e-06	0.0
7.57583e-05	0.0
1.523328e-05	0.0
2.8233457e-05	0.0
3.416836e-05	0.0
1.1254636e-05	0.0
5.582159e-06	0.0
1.1159128e-05	0.0
5.5057073e-05	0.0
2.6800844e-06	0.0
0.00018593238	0.0
4.94617e-06	0.0
1.2112243e-05	0.0
3.30862e-05	0.0
0.000118854565	0.0
0.00013207013	0.0
1.3117367e-05	0.0
6.7097035e-06	0.0
2.9002795e-05	0.0
9.209007e-06	0.0
3.0517253e-05	0.0
0.0002262318	0.0
0.0020412484	0.0
6.6417924e-06	0.0
0.00056652847	0.0
6.161049e-05	0.0
2.5230645e-06	0.0
7.180059e-06	0.0
3.7419002e-06	0.0
4.6950536e-05	0.0
4.7749772e-06	0.0
0.0010120923	0.0
2.7126987e-06	0.0
5.9842127e-06	0.0
3.827035e-06	0.0
1.2290078e-06	0.0
2.5487793e-06	0.0
2.9973893e-05	0.0
0.0013076661	0.0
3.4228167e-05	0.0
4.010931e-05	0.0
1.6136832e-05	0.0
1.9086285e-05	0.0
1.6163589e-06	0.0
3.2634828e-06	0.0
1.523328e-05	0.0
1.3164111e-05	0.0
7.5349426e-06	0.0
1.4939287e-06	0.0
1.474677e-05	0.0
0.24165575	0.0
2.662932e-05	0.0
1.2967153e-05	0.0
2.4160092e-06	0.0
1.9574425e-06	0.0
1.6863231e-06	0.0
2.5198606e-05	0.0
3.4792308e-06	0.0
2.3778916e-06	0.0
2.0456894e-06	0.0
2.222314e-06	0.0
2.3910723e-05	0.0
0.00042248983	0.0
1.9977124e-05	0.0
0.02251279	0.0
9.2816255e-05	0.0
4.084614e-06	0.0
2.7188935e-06	0.0
4.935757e-05	0.0
2.876506e-06	0.0
9.346375e-07	0.0
5.2500686e-06	0.0
0.00012570452	0.0
4.45635e-06	0.0
7.890714e-06	0.0
6.457622e-06	0.0
5.8720248e-06	0.0
2.5047427e-06	0.0
0.041820846	0.0
2.6417904e-06	0.0
1.5210559e-06	0.0
8.0728717e-07	0.0
1.4460226e-06	0.0
5.600316e-07	0.0
8.656014e-06	0.0
1.5321993e-05	0.0
5.4268457e-06	0.0
3.104657e-06	0.0
2.015049e-06	0.0
0.0008092147	0.0
1.3599874e-06	0.0
0.00024363832	0.0
0.00025733546	0.0
5.066965e-05	0.0
1.9819145e-06	0.0
2.9663823e-05	0.0
2.9560619e-05	0.0
4.279605e-06	0.0
2.8124026e-05	0.0
3.815292e-06	0.0
0.00044132862	0.0
3.6888189e-06	0.0
2.5483496e-06	0.0
2.7839317e-06	0.0
5.2419214e-06	0.0
3.3148142e-06	0.0
3.6832594e-06	0.0
2.620245e-05	0.0
7.5664175e-06	0.0
3.2527641e-06	0.0
5.894738e-06	0.0
2.2106273e-05	0.0
0.00015806184	0.0
0.012217198	0.0
2.3466707e-06	0.0
4.9571804e-06	0.0
0.00022782586	0.0
1.9683514e-06	0.0
7.4198833e-06	0.0
3.306235e-07	0.0
6.502864e-05	0.0
3.242331e-07	0.0
3.9553556e-06	0.0
5.4797742e-06	0.0
1.072836e-06	0.0
1.1758445e-05	0.0
1.1006608e-06	0.0
1.8160594e-05	0.0
0.0003316855	0.0
6.0520147e-06	0.0
7.739948e-06	0.0
5.6447684e-06	0.0
5.474139e-05	0.0
2.9179455e-07	0.0
9.2209024e-07	0.0
2.5344755e-06	0.0
1.9425913e-06	0.0
1.7700291e-06	0.0
2.6065953e-05	0.0
7.634475e-06	0.0
4.698759e-06	0.0
4.978586e-06	0.0
3.9654874e-06	0.0
1.365181e-06	0.0
8.236711e-06	0.0
3.8572676e-07	0.0
3.8500452e-06	0.0
1.3224882e-05	0.0
3.525194e-07	0.0
5.192364e-06	0.0
1.182987e-05	0.0
0.00090741395	0.0
0.00016444127	0.0
2.3998842e-05	0.0
6.9237825e-07	0.0
2.2899046e-06	0.0
1.2224349e-06	0.0
1.7621858e-05	0.0
1.5673866e-05	0.0
5.814006e-06	0.0
3.5647219e-07	0.0
5.296517e-07	0.0
9.666492e-07	0.0
1.5322814e-05	0.0
3.7077061e-06	0.0
1.1972514e-06	0.0
5.7192574e-07	0.0
8.2225046e-07	0.0
1.06727e-06	0.0
1.1237112e-05	0.0
0.0004669142	0.0
0.0008811486	0.0
4.961284e-06	0.0
1.2121578e-06	0.0
1.0636886e-06	0.0
1.3722645e-06	0.0
5.208557e-07	0.0
1.4851064e-06	0.0
1.43562565e-05	0.0
3.024731e-05	0.0
7.105233e-06	0.0
2.8422242e-05	0.0
0.0019780605	0.0
1.0852112e-06	0.0
4.966941e-05	0.0
1.0365817e-05	0.0
2.3332773e-06	0.0
1.1461877e-05	0.0
9.731087e-07	0.0
2.2792541e-05	0.0
1.317865e-06	0.0
7.42387e-07	0.0
3.6602827e-07	0.0
0.0017514458	1.0
6.58947e-05	1.0
0.010370289	1.0
0.29486713	1.0
0.016519694	1.0
0.13943332	1.0
0.15322223	1.0
9.4625284e-05	1.0
0.04204024	1.0
0.0061225216	1.0
0.13745864	1.0
0.06477113	1.0
0.012869502	1.0
3.6593858e-05	1.0
0.004945286	1.0
0.02295163	1.0
0.004125703	1.0
0.00031769506	1.0
7.737986e-05	1.0
0.00064746075	1.0
0.07376633	1.0
0.020962046	1.0
0.0025526793	1.0
0.0004499712	1.0
0.0004426208	1.0
0.007356336	1.0
8.1568105e-05	1.0
0.2580092	1.0
0.003888998	1.0
0.008861583	1.0
0.10447603	1.0
0.00073758425	1.0
0.0014421714	1.0
5.0663377e-05	1.0
0.13350843	1.0
4.446819e-05	1.0
0.0038803022	1.0
0.011899675	1.0
0.00021310696	1.0
7.533225e-05	1.0
0.0043752524	1.0
0.00017084504	1.0
0.0038594578	1.0
0.18805389	1.0
0.0012000257	1.0
2.4243593e-05	1.0
8.573617e-05	1.0
0.1306725	1.0
0.00015279402	1.0
0.083519496	1.0
0.00016119512	1.0
9.7240256e-05	1.0
0.4776208	1.0
0.023308381	1.0
0.16790459	1.0
0.060838975	1.0
0.0019250723	1.0
0.333948	1.0
0.00017228442	1.0
0.0013975604	1.0
0.015986636	1.0
0.0006750153	1.0
0.0049081775	1.0
0.0009127562	1.0
1.9968946e-05	1.0
0.21620508	1.0
2.9224217e-05	1.0
7.585157e-05	1.0
3.4827633e-05	1.0
4.230798e-05	1.0
0.006495823	1.0
2.0934942e-06	1.0
0.018223235	1.0
0.15502194	1.0
0.00013307086	1.0
0.23092411	1.0
0.011024788	1.0
3.2262727e-05	1.0
0.2928568	1.0
2.3226477e-05	1.0
0.18791386	1.0
0.0006995992	1.0
0.0444319	1.0
4.0841227e-05	1.0
0.23506287	1.0
0.12673798	1.0
0.015841758	1.0
0.03844115	1.0
7.526613e-06	1.0
0.0037551706	1.0
0.033165663	1.0
0.13670664	1.0
0.11255389	1.0
0.15560867	1.0
2.3950442e-05	1.0
0.009150295	1.0
0.00016726673	1.0
0.02020613	1.0
0.0035213225	1.0
4.227022e-05	1.0
0.0020359408	1.0
0.008930063	1.0
0.029426215	1.0
0.0119112525	1.0
0.21617869	1.0
0.008960563	1.0
0.0036583736	1.0
0.12325592	1.0
0.006861885	1.0
0.00012998474	1.0
0.0031120076	1.0
0.000422814	1.0
0.101769425	1.0
0.06980228	1.0
0.12624407	1.0
0.66037285	1.0
0.0061992416	1.0
0.0009932168	1.0
0.0031335098	1.0
0.3033709	1.0
0.007471112	1.0
9.91589e-05	1.0
0.00058888044	1.0
0.28024128	1.0
0.0003814677	1.0
0.27851203	1.0
0.14307474	1.0
5.184206e-05	1.0
6.540568e-05	1.0
0.0023568107	1.0
0.00546109	1.0
0.0035169763	1.0
0.564184	1.0
0.009904713	1.0
0.0108211795	1.0
0.085581034	1.0
0.018032683	1.0
0.5004894	1.0
0.0037832917	1.0
0.3666058	1.0
0.00026035702	1.0
0.025502248	1.0
0.08164393	1.0
0.041463207	1.0
2.630442e-05	1.0
0.013001141	1.0
0.00017178144	1.0
7.208343e-05	1.0
0.00023615659	1.0
0.014457782	1.0
0.017466113	1.0
0.0016692253	1.0
0.004353636	1.0
0.1347521	1.0
9.130353e-06	1.0
0.0011196298	1.0
0.21211056	1.0
0.11200322	1.0
0.0010184938	1.0
0.0014459987	1.0
0.0014682416	1.0
0.03366044	1.0
0.14277665	1.0
0.004584904	1.0
0.0045992923	1.0
0.1719686	1.0
0.00031138872	1.0
0.012443682	1.0
0.01407843	1.0
0.00020049888	1.0
0.058403563	1.0
0.00011431162	1.0
0.010010319	1.0
0.00028872426	1.0
0.13141498	1.0
0.016144557	1.0
0.23327911	1.0
0.000105772924	1.0
0.035756443	1.0
0.002959355	1.0
0.0011257479	1.0
0.19001226	1.0
0.0073386393	1.0
0.0031036078	1.0
0.0007090394	1.0
0.14104322	1.0
0.008880944	1.0
0.0047429292	1.0
0.28288117	1.0
0.017920315	1.0
0.020609412	1.0
0.007745345	1.0
0.07448741	1.0
0.0071351915	1.0
0.0012352729	1.0
0.06269384	1.0
0.00879609	1.0
0.00030734573	1.0
0.012310865	1.0
5.0235092e-05	1.0
0.0002047285	1.0
0.0028435844	1.0
0.024655908	1.0
0.00013022969	1.0
0.0011932821	1.0
0.15391724	1.0
0.16769242	1.0
1.4374648e-05	1.0
0.000397064	1.0
0.025294363	1.0
1.4226239e-05	1.0
0.027587473	1.0
0.00013179751	1.0
0.44099483	1.0
0.011717672	1.0
0.03434522	1.0
0.0039257514	1.0
0.0032557547	1.0
0.0014781089	1.0
0.011492802	1.0
0.0021704638	1.0
0.0041392935	1.0
0.050159194	1.0
0.50103915	1.0
1.433002e-05	1.0
0.00040276625	1.0
0.0012216199	1.0
0.00023862002	1.0
0.009213354	1.0
0.00051937083	1.0
0.12507834	1.0
9.047235e-05	1.0
0.011056124	1.0
0.10432905	1.0
4.9402846e-05	1.0
0.6082038	1.0
0.0092770355	1.0
0.0011725522	1.0
0.0025580048	1.0
0.037701245	1.0
0.00010627153	1.0
0.072829045	1.0
0.1711381	1.0
5.7490484e-05	1.0
0.0004194155	1.0
0.013489126	1.0
0.0056735068	1.0
0.0020064134	1.0
7.4420146e-05	1.0
0.0013455566	1.0
0.15647428	1.0
0.013931371	1.0
0.103084646	1.0
0.00015431723	1.0
0.0019433834	1.0
0.00049824105	1.0
0.0038307284	1.0
0.0006347676	1.0
0.0008686403	1.0
0.0004729895	1.0
0.005067435	1.0
0.0052748295	1.0
2.3810413e-05	1.0
0.068056904	1.0
0.011748833	1.0
2.0608013e-05	1.0
0.0012028074	1.0
0.0025742257	1.0
0.0067423577	1.0
6.966599e-05	1.0
0.00018564063	1.0
0.00015734124	1.0
0.0041200495	1.0
0.00018451423	1.0
0.00027485235	1.0
2.1846252e-05	1.0
0.15981969	1.0
3.4612087e-05	1.0
0.010251716	1.0
6.4502055e-05	1.0
0.0020089105	1.0
4.9486953e-06	1.0
0.0006588308	1.0
0.001071017	1.0
0.0004267383	1.0
0.0007710329	1.0
0.10638185	1.0
0.00050242076	1.0
0.00022742788	1.0
4.2887517e-05	1.0
