score	label
1.39137255e-05	0.0
8.493509e-06	0.0
0.053650238	0.0
3.4511675e-05	0.0
7.2729206e-05	0.0
0.00062136375	0.0
0.024743592	0.0
1.00905745e-05	0.0
0.2149219	0.0
0.21941517	0.0
1.10465835e-05	0.0
8.161156e-06	0.0
0.20243862	0.0
0.0006130452	0.0
0.22143042	0.0
0.037620395	0.0
0.00052188674	0.0
0.02452486	0.0
0.028028859	0.0
0.6517606	0.0
0.96987516	0.0
0.05855298	0.0
0.2506143	0.0
7.4415943e-06	0.0
2.759634e-05	0.0
0.00042272473	0.0
0.8862303	0.0
0.0014280215	0.0
0.00560231	0.0
0.000105347	0.0
2.9840733e-06	0.0
0.01142794	0.0
1.6829772e-05	0.0
2.0351874e-05	0.0
0.09647359	0.0
0.012425679	0.0
3.0895408e-05	0.0
1.9130805e-05	0.0
0.004636943	0.0
9.913337e-05	0.0
6.1105755e-05	0.0
0.00020019617	0.0
0.00075558794	0.0
0.022421679	0.0
0.30688742	0.0
0.07177896	0.0
0.7699916	0.0
2.0324647e-05	0.0
4.8921305e-05	0.0
0.33970776	0.0
2.920961e-06	0.0
8.331477e-05	0.0
4.4009263e-05	0.0
1.3478185e-05	0.0
0.00050463167	0.0
8.1230445e-07	0.0
0.017319119	0.0
0.04748897	0.0
1.3178449e-05	0.0
6.1606545e-07	0.0
0.070788346	0.0
0.0022982021	0.0
0.011051676	0.0
0.015545592	0.0
0.0015638939	0.0
0.060290724	0.0
0.000529668	0.0
0.16915193	0.0
0.19425185	0.0
5.567057e-06	0.0
1.1013616e-05	0.0
0.00018195288	0.0
3.5129816e-07	0.0
2.7873255e-06	0.0
0.00012542238	0.0
4.384869e-06	0.0
0.1319429	0.0
0.0010793091	0.0
0.00089986663	0.0
0.1512079	0.0
0.16338809	0.0
0.21949974	0.0
1.3869295e-05	0.0
0.014092344	0.0
4.8921305e-05	0.0
3.802105e-05	0.0
0.49273586	0.0
2.2003348e-06	0.0
1.0954614e-05	0.0
1.0374682e-05	0.0
0.0013312751	0.0
0.0006016471	0.0
0.22612026	0.0
3.8417344e-05	0.0
1.7099928e-05	0.0
1.0839133e-05	0.0
0.00074278563	0.0
0.03258604	0.0
0.002520685	0.0
0.00026073758	0.0
0.00042272473	0.0
7.646294e-06	0.0
0.22143042	0.0
0.008577211	0.0
0.00021269455	0.0
0.43297982	0.0
0.14645515	0.0
0.00037877954	0.0
1.7597807e-06	0.0
1.2059134e-05	0.0
4.4389935e-06	0.0
0.0001165361	0.0
0.0006771575	0.0
2.3492208e-05	0.0
1.2431415e-05	0.0
0.31935495	0.0
3.2438381e-06	0.0
0.18528174	0.0
1.6855874e-05	0.0
0.00024475923	0.0
0.51408714	0.0
0.023655817	0.0
0.0006525795	0.0
0.0040237736	0.0
0.0001717086	0.0
1.9863744e-06	0.0
0.9059186	0.0
8.008294e-06	0.0
8.718692e-05	0.0
0.032631528	0.0
6.78473e-06	0.0
0.0001476766	0.0
0.24867359	0.0
0.08712461	0.0
0.0006798785	0.0
0.16315691	0.0
0.00019020074	0.0
9.877368e-05	0.0
0.0067929006	0.0
0.007613033	0.0
1.3095042e-06	0.0
1.8453757e-06	0.0
1.2276106e-06	0.0
0.0013362519	0.0
0.00012938962	0.0
0.0015638939	0.0
8.705079e-06	0.0
1.532902e-06	0.0
7.0628535e-05	0.0
4.004154e-05	0.0
1.7208707e-06	0.0
3.9098948e-05	0.0
0.06965715	0.0
0.0005575827	0.0
0.040683012	0.0
0.00069570134	0.0
0.010847133	0.0
1.1240207e-05	0.0
7.682367e-05	0.0
0.01950411	0.0
0.946551	0.0
0.9474621	0.0
2.1096681e-05	0.0
0.14610262	0.0
0.0009289059	0.0
0.00022714972	0.0
7.2935385e-05	0.0
5.2392566e-06	0.0
4.0577665e-06	0.0
6.4494605e-05	0.0
0.00029899064	0.0
0.033475526	0.0
0.033475526	0.0
1.380577e-05	0.0
0.3028232	0.0
0.0004133259	0.0
0.14207149	0.0
1.2342265e-05	0.0
0.2424947	0.0
1.6917218e-05	0.0
0.058006134	0.0
2.818044e-06	0.0
2.697551e-05	0.0
2.044909e-06	0.0
0.0007273231	0.0
0.0012561656	0.0
0.00021985821	0.0
0.00095256197	0.0
4.2039956e-05	0.0
0.29501405	0.0
0.08241554	0.0
0.0011180904	0.0
5.019096e-05	0.0
3.0360566e-06	0.0
9.639246e-06	0.0
7.428336e-07	0.0
1.5534884e-05	0.0
0.51390594	0.0
9.178507e-06	0.0
0.055737734	0.0
6.786343e-05	0.0
8.7721215e-05	0.0
9.2665105e-05	0.0
0.0036901508	0.0
0.02673153	0.0
0.016822739	0.0
4.1363215e-05	0.0
3.4815364e-06	0.0
7.87933e-06	0.0
0.00020448792	0.0
7.188231e-05	0.0
0.010346544	0.0
0.22677575	0.0
0.0050637745	0.0
0.00017730088	0.0
1.7440633e-06	0.0
0.0018872293	0.0
2.364968e-05	0.0
0.00018515786	0.0
0.060711112	0.0
0.0055704513	0.0
1.8596456e-06	0.0
0.0050135343	0.0
0.09643279	0.0
4.699033e-06	0.0
0.13221176	0.0
0.120939605	0.0
3.6264682e-06	0.0
0.009754632	0.0
0.2636644	0.0
8.7549655e-05	0.0
0.10061013	0.0
1.7130782e-05	0.0
0.00030489324	0.0
0.061461568	0.0
0.00012635525	0.0
7.936653e-06	0.0
0.38087946	0.0
0.09432229	0.0
0.019520147	0.0
0.000124902	0.0
0.00088521803	0.0
0.00354014	0.0
2.5018782e-05	0.0
2.8539732e-06	0.0
3.93506e-05	0.0
2.7152113e-05	0.0
0.0016678646	0.0
0.15117885	0.0
0.00019504013	0.0
1.5754433e-05	0.0
0.17528921	0.0
4.6727935e-05	0.0
5.42617e-05	0.0
0.0019260319	0.0
2.1272874e-06	0.0
0.00014662811	0.0
0.12565503	0.0
3.562215e-05	0.0
3.767564e-06	0.0
0.010461892	0.0
0.18610209	0.0
0.0028571326	0.0
6.025409e-06	0.0
2.573646e-06	0.0
0.2805101	0.0
0.03370623	0.0
0.01854242	0.0
9.545147e-06	0.0
0.0012480918	0.0
0.06819874	0.0
0.018074954	0.0
0.01864139	0.0
0.9224395	0.0
4.814661e-05	0.0
0.9043153	0.0
0.4720478	0.0
0.20830767	0.0
1.0192151e-05	0.0
0.00023654672	0.0
0.1107524	0.0
0.95139945	0.0
0.002652167	0.0
0.45008913	0.0
2.0924357e-05	0.0
0.022891076	0.0
0.00019250301	0.0
0.0007043519	0.0
0.00027352604	0.0
0.0017847496	0.0
3.0143006e-05	0.0
7.0992917e-07	0.0
2.4058048e-07	0.0
5.14406e-06	0.0
6.222124e-06	0.0
0.00019030552	0.0
0.010682487	0.0
6.5864233e-06	0.0
0.011168509	0.0
0.0010781488	0.0
0.0075203637	0.0
3.69629e-05	0.0
0.08076389	0.0
0.2843406	0.0
0.13893858	0.0
0.27478564	0.0
0.0013750009	0.0
0.17877361	0.0
0.00012469753	0.0
0.13397251	0.0
0.00012777669	0.0
0.0019869262	0.0
0.0005201154	0.0
2.3308223e-05	0.0
0.00023919715	0.0
0.0006913135	0.0
0.0022954983	0.0
2.5982608e-05	0.0
2.4641738e-05	0.0
0.0004400808	0.0
0.0027827527	0.0
0.05693462	0.0
0.00062751205	0.0
0.00014823348	0.0
0.71657056	0.0
1.0841879e-05	0.0
0.30657104	0.0
0.0002564305	0.0
0.0852175	0.0
0.08296142	0.0
0.0126567455	0.0
0.0204255	0.0
0.36572623	0.0
5.755468e-06	0.0
0.00015494738	0.0
0.010097247	0.0
9.874059e-06	0.0
0.20037603	0.0
0.01159382	0.0
0.08668054	0.0
0.17429791	0.0
0.12132807	0.0
0.00031927178	0.0
0.04653592	0.0
0.0006188221	0.0
0.4096233	0.0
2.716922e-05	0.0
2.6416883e-06	0.0
9.375124e-05	0.0
0.3206103	0.0
0.0003752547	0.0
0.024333768	0.0
0.0919284	0.0
0.0007936894	0.0
0.00017560435	0.0
7.1548195e-05	0.0
4.717889e-06	0.0
3.764402e-05	0.0
0.026884092	0.0
0.58598554	0.0
0.000107899636	0.0
0.010097247	0.0
0.00013203557	0.0
2.703011e-05	0.0
0.032414168	0.0
0.00144085	0.0
0.047192413	0.0
0.00013853397	0.0
1.6524655e-05	0.0
2.1062382e-05	0.0
0.0020420311	0.0
0.0036179132	0.0
7.789625e-05	0.0
0.0017808363	0.0
0.17236654	0.0
1.1372886e-05	0.0
0.000837403	0.0
0.00036747192	0.0
0.00011095954	0.0
0.00022871039	0.0
0.2874367	0.0
3.7063317e-05	0.0
0.11289825	0.0
0.00030337492	0.0
0.047192413	0.0
0.00016318513	0.0
2.4235267e-05	0.0
0.04815633	0.0
2.084446e-05	0.0
1.4369205e-06	0.0
0.0008412385	0.0
0.0010151108	0.0
0.31024036	0.0
1.8084966e-06	0.0
2.5770858e-06	0.0
0.00016565928	0.0
0.00039420518	0.0
0.00031479733	0.0
0.0003317853	0.0
8.701472e-06	0.0
0.00023847798	0.0
0.0070051546	0.0
1.5408665e-05	0.0
0.00020776245	0.0
1.2916197e-05	0.0
0.28540716	0.0
0.04640999	0.0
0.59556335	0.0
0.03260351	0.0
0.005875102	0.0
9.080762e-05	0.0
0.002886216	0.0
4.6216344e-05	0.0
9.2396156e-05	0.0
8.701472e-06	0.0
0.00016900095	0.0
9.026462e-05	0.0
0.001142511	0.0
1.0590882e-05	0.0
0.0022082315	0.0
2.5770858e-06	0.0
5.6477526e-05	0.0
0.008872421	0.0
1.1152719e-05	0.0
1.511894e-05	0.0
0.15811586	0.0
0.0016026853	0.0
0.1466145	0.0
0.008357796	0.0
4.072784e-05	0.0
0.0014871968	0.0
6.4629976e-06	0.0
2.734101e-05	0.0
0.00023311787	0.0
0.00017236774	0.0
7.2025636e-05	0.0
0.019799067	0.0
4.112257e-06	0.0
0.16492556	0.0
0.00024681087	0.0
0.5609761	0.0
0.0012397743	0.0
0.077513	0.0
0.00011173455	0.0
0.0004968871	0.0
0.037815638	0.0
0.06300312	0.0
0.015118751	0.0
0.7500902	0.0
1.2680056e-05	0.0
0.0015992321	0.0
1.9070106e-06	0.0
1.694593e-05	0.0
3.2548076e-07	0.0
0.0023514424	0.0
0.009911875	0.0
6.608125e-05	0.0
0.014858775	0.0
0.12406104	0.0
0.12132807	0.0
0.0076631056	0.0
7.590747e-05	0.0
0.36644307	0.0
6.6237926e-06	0.0
0.38217527	0.0
1.1152719e-05	0.0
0.10947124	0.0
0.19431159	0.0
0.011043534	0.0
0.000104538216	0.0
6.267839e-05	0.0
0.0005489154	0.0
0.0127949165	0.0
3.0810295e-06	0.0
0.0004878977	0.0
0.00022312455	0.0
6.695696e-05	0.0
0.006244936	0.0
2.6416883e-06	0.0
0.039166167	0.0
9.645822e-05	0.0
0.002284485	0.0
3.1727275e-05	0.0
0.000104538216	0.0
0.000684985	0.0
7.682635e-06	0.0
0.04875175	0.0
0.2513703	0.0
1.0841879e-05	0.0
0.07262914	0.0
0.002637914	0.0
0.00026432736	0.0
4.2419586e-05	0.0
0.00442518	0.0
0.58598554	0.0
0.00046363936	0.0
0.010521792	0.0
9.619094e-06	0.0
0.00095317664	0.0
0.6380827	0.0
0.43948507	0.0
0.0002126973	0.0
7.1912254e-05	0.0
0.0013448074	0.0
0.0013587765	0.0
0.00017490127	0.0
0.5066914	0.0
0.20037603	0.0
0.00011575816	0.0
0.00039992595	0.0
0.054403972	0.0
9.671369e-06	0.0
0.0002981835	0.0
0.41227227	0.0
0.0058719805	0.0
0.04984816	0.0
0.036143847	0.0
0.00010512474	0.0
0.0021166108	0.0
0.00040359245	0.0
2.716922e-05	0.0
0.00016165529	0.0
0.00029332627	0.0
0.00028087464	0.0
0.003465843	0.0
0.0127949165	0.0
7.8145995e-06	0.0
0.8382697	0.0
0.0022383921	0.0
3.4507973e-06	0.0
1.3471457e-05	0.0
1.5729564e-05	0.0
4.1463154e-05	0.0
9.2396156e-05	0.0
0.016480884	0.0
8.125944e-05	0.0
8.701472e-06	0.0
0.00062966114	0.0
6.6193905e-05	0.0
0.0041670795	0.0
0.0012061404	0.0
0.001677217	0.0
0.0061267703	0.0
6.695696e-05	0.0
0.045166817	0.0
0.0017323783	0.0
4.4371587e-05	0.0
6.551492e-05	0.0
0.7500902	0.0
1.9067327e-05	0.0
0.054403972	0.0
2.716922e-05	0.0
0.00024087366	0.0
0.00011807115	0.0
0.013954005	0.0
1.4914261e-05	0.0
0.11751943	0.0
0.24013329	0.0
0.029347649	0.0
0.38984147	0.0
0.001054674	0.0
0.03985964	0.0
0.00093322527	0.0
1.4674211e-05	0.0
0.0011720407	0.0
0.28271	0.0
0.006772963	0.0
9.6549935e-05	0.0
0.00012272455	0.0
0.00042980464	0.0
0.00036518904	0.0
0.22644985	0.0
0.003803306	0.0
0.0059299115	0.0
9.026462e-05	0.0
0.0012994817	0.0
0.00015784286	0.0
0.0016021201	0.0
0.000457644	0.0
3.9931783e-06	0.0
9.726668e-05	0.0
0.0012782629	0.0
0.002214852	0.0
0.4783701	0.0
0.0053186086	0.0
0.0002749655	0.0
1.8856452e-05	0.0
9.804605e-07	0.0
0.00019301707	0.0
0.0009979111	0.0
0.00013695228	0.0
0.0012507715	0.0
0.014048636	0.0
8.154517e-05	0.0
0.00011474303	0.0
0.00032518702	0.0
0.00011807115	0.0
0.000118227494	0.0
3.3089916e-07	0.0
0.017119657	0.0
0.0060460707	0.0
1.1372886e-05	0.0
0.0036179132	0.0
0.0056192004	0.0
0.28271	0.0
0.0011281203	0.0
0.00023055254	0.0
0.0035591533	0.0
0.0022916335	0.0
0.4574237	0.0
0.002059225	0.0
0.0002414215	0.0
0.5691205	0.0
5.249063e-05	0.0
0.0009987564	0.0
2.6978187e-06	0.0
0.0026559427	0.0
0.377185	0.0
8.104843e-05	0.0
1.0307639e-05	0.0
0.00013835964	0.0
0.00054209906	0.0
1.0050974e-06	0.0
3.391552e-05	0.0
9.6549935e-05	0.0
0.0029973586	0.0
3.8433114e-05	0.0
0.0013117593	0.0
0.0056246645	0.0
0.0008471759	0.0
0.0001343485	0.0
0.5889932	0.0
0.024934048	0.0
0.1756218	0.0
0.29788145	0.0
0.0045036986	0.0
2.0875077e-05	0.0
2.2676015e-05	0.0
4.978152e-06	0.0
0.00035373805	0.0
1.2246144e-05	0.0
1.3076066e-05	0.0
0.0011421754	0.0
0.00038020892	0.0
0.9781268	0.0
3.1265783e-06	0.0
6.7372107e-06	0.0
1.0757389e-05	0.0
5.7660032e-05	0.0
1.5652676e-06	0.0
0.02839644	0.0
0.00013244007	0.0
1.2100387e-06	0.0
3.7106875e-06	0.0
0.009911875	0.0
0.0032222928	0.0
0.00015494738	0.0
0.0010911385	0.0
0.06469185	0.0
1.4674211e-05	0.0
3.0774154e-05	0.0
9.916788e-06	0.0
6.154602e-05	0.0
1.8577497e-05	0.0
3.0395915e-06	0.0
8.424629e-05	0.0
1.0503502e-05	0.0
0.0009465337	0.0
0.46684113	0.0
9.645822e-05	0.0
0.0012722494	0.0
0.00850891	0.0
6.294496e-06	0.0
6.092086e-06	0.0
0.0031590853	0.0
4.4970593e-06	0.0
0.00025104563	0.0
1.4080876e-05	0.0
0.00039992595	0.0
0.00041253646	0.0
9.974201e-06	0.0
7.5993084e-06	0.0
2.2441089e-05	0.0
6.281432e-05	0.0
0.0005233094	0.0
0.018125795	0.0
0.017735686	0.0
1.4674211e-05	0.0
0.018125795	0.0
0.02867552	0.0
2.4492585e-05	0.0
0.012000303	0.0
0.00012202991	0.0
2.2998865e-06	0.0
6.6690477e-06	0.0
0.0033526109	0.0
0.38236925	0.0
0.18733832	0.0
0.0004400808	0.0
1.50322985e-05	0.0
0.0024649368	0.0
0.0016666207	0.0
0.20333214	0.0
2.0631589e-05	0.0
0.00016837899	0.0
0.0040964405	0.0
1.4722943e-06	0.0
0.011405398	0.0
0.546249	0.0
0.004180884	0.0
0.0005505969	0.0
9.3882125e-05	0.0
0.00012533338	0.0
0.0012018986	0.0
0.16102324	0.0
0.0012157412	0.0
0.82245964	0.0
0.010511255	0.0
0.06635	0.0
9.789182e-05	0.0
0.19029479	0.0
1.8617262e-05	0.0
1.7788374e-06	0.0
3.9968168e-06	0.0
2.8468527e-05	0.0
0.0035640744	0.0
4.987148e-06	0.0
0.00053505506	0.0
0.20742023	0.0
5.08559e-05	0.0
0.016091242	0.0
3.3427038e-06	0.0
2.0418101e-05	0.0
0.00074523664	0.0
0.039989043	0.0
0.017504407	0.0
1.26749965e-05	0.0
0.09513974	0.0
0.46684113	0.0
0.009002037	0.0
0.049911886	0.0
0.00044232942	0.0
0.40741897	0.0
9.590834e-06	0.0
9.869895e-06	0.0
0.010989914	0.0
2.4056756e-06	0.0
0.0067439424	0.0
0.00019886669	0.0
0.00018232524	0.0
1.8837829e-05	0.0
2.0647116e-05	0.0
0.08139602	0.0
4.2505213e-05	0.0
0.28540716	0.0
0.046590533	0.0
5.7769853e-07	0.0
0.0020672695	0.0
9.5690506e-05	0.0
0.0009868073	0.0
1.5039553e-05	0.0
2.5168336e-05	0.0
4.1490926e-05	0.0
0.00046363936	0.0
0.0022678243	0.0
0.00037181738	0.0
0.05749662	0.0
0.00020475421	0.0
4.9679784e-05	0.0
4.0496416e-06	0.0
1.9552308e-05	0.0
0.087146975	0.0
9.140059e-05	0.0
1.053615e-05	0.0
0.07737499	0.0
0.0002467686	0.0
3.18159e-05	0.0
3.3730307e-06	0.0
0.00034075973	0.0
3.4976892e-05	0.0
0.06128713	0.0
0.44871384	0.0
3.288597e-05	0.0
1.2130649e-05	0.0
0.0002015665	0.0
2.8700786e-06	0.0
6.6491244e-05	0.0
2.8563327e-06	0.0
8.786053e-05	0.0
1.8752565e-06	0.0
1.791306e-05	0.0
0.05123244	0.0
4.9164857e-05	0.0
0.010521792	0.0
0.0004520413	0.0
2.5405721e-05	0.0
4.9729297e-05	0.0
0.013822782	0.0
3.5232497e-05	0.0
0.00075369276	0.0
4.2373893e-05	0.0
6.898561e-05	0.0
3.3268898e-05	0.0
0.4694205	0.0
1.5408665e-05	0.0
0.4123918	0.0
4.1903575e-05	0.0
1.472027e-06	0.0
2.7194876e-05	0.0
0.0024133597	0.0
0.00893408	0.0
0.007490681	0.0
2.585027e-06	0.0
0.000245489	0.0
0.00023404484	0.0
6.598816e-05	0.0
0.0012507715	0.0
0.8495641	0.0
3.5937828e-06	0.0
2.734101e-05	0.0
0.0011922413	0.0
7.513704e-05	0.0
0.75003564	0.0
0.0097445175	0.0
1.9552308e-05	0.0
0.0019379997	0.0
3.8328158e-06	0.0
9.916497e-05	0.0
1.4834253e-06	0.0
1.30473e-05	0.0
0.0022265841	0.0
5.316809e-05	0.0
0.030507982	0.0
0.82741815	0.0
0.03028375	0.0
7.769974e-06	0.0
0.10739689	0.0
0.000107899636	0.0
4.9164857e-05	0.0
0.04728617	0.0
0.7558009	0.0
0.00025684867	0.0
2.2454801e-06	0.0
0.0015071904	0.0
0.0054471004	0.0
8.304428e-06	0.0
0.00047866823	0.0
1.472027e-06	0.0
4.6301343e-06	0.0
1.147481e-05	0.0
0.0004858655	0.0
1.169213e-07	0.0
5.346869e-07	0.0
0.00014852708	0.0
1.3165302e-05	0.0
0.0009377349	0.0
5.801932e-07	0.0
1.0124398e-06	0.0
1.0831273e-05	0.0
5.205579e-07	0.0
2.1978825e-07	0.0
9.841503e-06	0.0
0.00081500923	0.0
1.9479561e-05	0.0
0.008876468	0.0
4.4922363e-05	0.0
3.9752967e-06	0.0
3.0955198e-06	0.0
3.580321e-05	0.0
6.460435e-06	0.0
5.963669e-06	0.0
9.406029e-07	0.0
0.0024272308	0.0
2.7068041e-05	0.0
1.6049484e-06	0.0
0.0003020077	0.0
8.6776544e-07	0.0
0.00020828481	0.0
8.848783e-06	0.0
1.7994738e-06	0.0
1.7145279e-06	0.0
4.2437136e-07	0.0
0.0030297283	0.0
0.8013279	0.0
1.3455063e-06	0.0
0.00016105642	0.0
0.000124691	0.0
1.7272707e-06	0.0
0.0015204455	0.0
1.2123654e-06	0.0
3.7194232e-07	0.0
2.479364e-07	0.0
8.5321335e-07	0.0
2.551511e-07	0.0
9.120401e-08	0.0
0.0004170416	0.0
4.3071108e-05	0.0
2.5778148e-05	0.0
7.709033e-06	0.0
1.7711387e-05	0.0
5.586112e-06	0.0
0.0021184518	0.0
1.3871999e-06	0.0
0.26348338	0.0
4.6982896e-05	0.0
8.0971186e-05	0.0
8.580294e-06	0.0
1.0797448e-06	0.0
5.0975254e-06	0.0
1.7582475e-05	0.0
1.4604879e-05	0.0
0.5596585	0.0
3.2911048e-05	0.0
1.6556302e-07	0.0
2.4429487e-06	0.0
9.508099e-05	0.0
1.2699652e-05	0.0
3.3370176e-07	0.0
4.1041076e-06	0.0
8.615225e-07	0.0
2.09722e-07	0.0
1.5937798e-06	0.0
0.00056741736	0.0
0.000111126865	0.0
1.08142385e-05	0.0
4.9186024e-06	0.0
0.33676597	0.0
0.000443493	0.0
7.2988273e-06	0.0
1.4236583e-07	0.0
1.7768178e-06	0.0
2.920112e-06	0.0
1.1844814e-05	0.0
1.0504094e-06	0.0
0.00034096092	0.0
0.00011709385	0.0
2.018087e-05	0.0
3.6482613e-06	0.0
4.750294e-07	0.0
2.2671176e-05	0.0
9.259602e-08	0.0
2.0425753e-07	0.0
2.0567425e-06	0.0
2.2929548e-07	0.0
0.00017100397	0.0
1.1584076e-06	0.0
0.0009363724	0.0
1.2763901e-05	0.0
8.6660765e-07	0.0
9.452891e-06	0.0
1.3712868e-07	0.0
1.6251439e-06	0.0
1.4100317e-06	0.0
9.0800896e-08	0.0
9.937116e-07	0.0
1.4823358e-07	0.0
2.733601e-07	0.0
1.9401696e-07	0.0
6.821874e-07	0.0
0.00901316	0.0
1.9294484e-05	0.0
4.0044148e-07	0.0
1.7217256e-07	0.0
1.7653932e-05	0.0
6.504415e-06	0.0
3.0288864e-05	0.0
6.49968e-06	0.0
2.3963682e-07	0.0
6.292708e-06	0.0
5.034581e-07	0.0
2.496148e-06	0.0
0.000111317415	0.0
6.121176e-07	0.0
0.00014369277	0.0
3.5960868e-06	0.0
0.0006259923	0.0
1.0991374e-06	0.0
5.903526e-06	0.0
1.1951777e-06	0.0
1.8341829e-06	0.0
1.5998867e-07	0.0
3.9338508e-07	0.0
0.00021187277	0.0
0.0017737888	0.0
1.1798477e-05	0.0
7.2161704e-08	0.0
1.1380996e-06	0.0
3.225808e-07	0.0
5.536877e-06	0.0
2.5013558e-06	0.0
2.7628546e-06	0.0
0.683798	0.0
8.910457e-05	0.0
0.0030905867	0.0
3.5191544e-05	0.0
3.0308825e-06	0.0
0.14250281	0.0
0.00041518259	0.0
0.005653107	0.0
0.0010624392	0.0
2.9200828e-06	0.0
0.000113576934	0.0
1.30097205e-05	0.0
3.0829583e-06	0.0
1.4679621e-06	0.0
0.00011850917	0.0
1.8042556e-06	0.0
0.00013282243	0.0
0.0005164938	0.0
0.0063153505	0.0
0.008553658	0.0
0.039310616	0.0
3.7271515e-05	0.0
0.00028604767	0.0
2.8868033e-06	0.0
7.4888686e-07	0.0
8.397943e-06	0.0
0.014342961	0.0
0.0009148164	0.0
1.3636426e-06	0.0
3.422341e-05	0.0
0.09659269	0.0
2.9613452e-07	0.0
0.13539718	0.0
6.1216974e-06	0.0
9.4569785e-08	0.0
2.6130176e-06	0.0
2.255838e-05	0.0
9.954256e-08	0.0
1.1255487e-07	0.0
2.0344244e-07	0.0
0.0005034462	0.0
2.020404e-05	0.0
1.7462e-05	0.0
0.0010697177	0.0
3.3957792e-06	0.0
1.5960211e-05	0.0
8.221604e-05	0.0
0.00048679142	0.0
1.5120838e-07	0.0
8.675151e-07	0.0
3.0485662e-06	0.0
2.3712742e-07	0.0
4.9340447e-06	0.0
1.0324216e-06	0.0
0.0016861337	0.0
9.506873e-06	0.0
6.6452174e-07	0.0
3.369018e-05	0.0
0.012991982	0.0
0.0018445153	0.0
8.561266e-05	0.0
1.8413415e-05	0.0
1.06862735e-05	0.0
3.878268e-07	0.0
1.763652e-07	0.0
6.7732326e-06	0.0
3.6821024e-07	0.0
2.365019e-06	0.0
3.7092018e-06	0.0
3.8090712e-07	0.0
2.6287476e-05	0.0
0.009252304	0.0
1.7150153e-06	0.0
1.5458069e-07	0.0
8.513061e-06	0.0
3.447525e-05	0.0
1.6172661e-06	0.0
0.00050180894	0.0
2.5968495e-06	0.0
0.00015765509	0.0
3.3267995e-06	0.0
5.905458e-06	0.0
9.563347e-07	0.0
0.0044084503	0.0
0.33123088	0.0
9.37977e-05	0.0
2.8480943e-06	0.0
2.4642546e-05	0.0
6.0736034e-05	0.0
6.482765e-06	0.0
5.0919347e-08	0.0
1.418101e-07	0.0
0.016139826	0.0
0.00028848177	0.0
3.5151006e-05	0.0
3.709811e-05	0.0
1.0314294e-06	0.0
7.1499576e-06	0.0
1.5305694e-06	0.0
5.539491e-06	0.0
7.2936214e-06	0.0
0.00029971512	0.0
0.005567997	0.0
2.5024026e-06	0.0
2.0856653e-06	0.0
7.168902e-07	0.0
2.9483633e-07	0.0
0.0003633176	0.0
3.8717867e-06	0.0
4.052558e-06	0.0
9.1113425e-06	0.0
0.00018535	0.0
5.4628217e-06	0.0
2.8678282e-06	0.0
4.8858274e-06	0.0
0.00405161	0.0
0.0010351277	0.0
0.029678185	0.0
2.2888283e-07	0.0
4.4950284e-05	0.0
0.00013177899	0.0
1.5545093e-05	0.0
1.5893784e-05	0.0
2.7214267e-07	0.0
9.010615e-06	0.0
2.9241546e-06	0.0
1.6412174e-06	0.0
4.78529e-07	0.0
2.2004802e-07	0.0
5.831866e-07	0.0
5.153549e-05	0.0
3.9483784e-05	0.0
0.17536911	0.0
1.7992596e-07	0.0
4.2495205e-07	0.0
4.4922363e-05	0.0
2.0427213e-07	0.0
1.8328614e-05	0.0
2.8461776e-05	0.0
1.8730567e-05	0.0
5.477038e-05	0.0
0.00017797136	0.0
4.7659955e-07	0.0
1.0231587e-06	0.0
1.8509453e-06	0.0
1.5069435e-07	0.0
1.2747413e-06	0.0
3.261777e-06	0.0
8.3639696e-07	0.0
3.1021752e-06	0.0
4.794302e-07	0.0
2.3418213e-06	0.0
4.1259756e-07	0.0
8.0050677e-07	0.0
1.29752825e-05	0.0
0.01854242	0.0
3.7130496e-05	0.0
0.0002611364	0.0
5.7040387e-07	0.0
6.387297e-07	0.0
0.0002333471	0.0
1.0386524e-07	0.0
3.2798012e-05	0.0
2.6494037e-05	0.0
0.0008916147	0.0
0.00015129759	0.0
0.00015126046	0.0
7.074822e-06	0.0
2.0360361e-05	0.0
2.5683931e-07	0.0
1.6855564e-06	0.0
8.8998495e-06	0.0
4.696532e-06	0.0
6.212151e-05	0.0
2.403516e-06	0.0
2.1453945e-07	0.0
2.7461945e-07	0.0
0.00023408211	0.0
0.00056326215	0.0
0.0046547554	0.0
3.0030465e-06	0.0
0.0003198701	0.0
7.530597e-07	0.0
0.00016899224	0.0
9.703112e-06	0.0
1.1570037e-07	0.0
0.00063597364	0.0
8.02112e-07	0.0
6.927069e-06	0.0
0.000110940826	0.0
0.00013490448	0.0
5.8323444e-06	0.0
2.611976e-05	0.0
7.3088495e-06	0.0
1.7405231e-05	0.0
0.0070351907	0.0
4.2752654e-06	0.0
2.213688e-06	0.0
2.3380428e-06	0.0
6.9222574e-06	0.0
0.022388503	0.0
2.7963004e-05	0.0
1.6453119e-07	0.0
0.8746581	0.0
7.3344995e-07	0.0
3.409042e-05	0.0
9.099846e-06	0.0
1.0888515e-05	0.0
8.953601e-06	0.0
1.9233171e-07	0.0
1.0679505e-07	0.0
6.551313e-07	0.0
3.030461e-07	0.0
2.5830807e-06	0.0
1.5639513e-06	0.0
2.9387931e-05	0.0
9.442104e-07	0.0
3.2777757e-06	0.0
3.730723e-07	0.0
7.2143064e-07	0.0
1.87621e-05	0.0
5.1012223e-05	0.0
4.1623647e-07	0.0
1.1286502e-07	0.0
1.1282557e-07	0.0
4.596304e-06	0.0
0.038273763	0.0
4.1275288e-07	0.0
6.452559e-06	0.0
0.0008665807	0.0
0.0006343674	0.0
9.497423e-05	0.0
3.4894097e-06	0.0
1.37145835e-05	0.0
3.2027776e-06	0.0
6.176814e-07	0.0
1.546786e-07	0.0
9.364944e-05	0.0
9.274251e-05	0.0
0.0144474	0.0
1.3152411e-06	0.0
2.0275023e-05	0.0
1.8962177e-05	0.0
8.94192e-05	0.0
3.1666566e-06	0.0
2.020696e-07	0.0
8.7671015e-07	0.0
4.1458344e-07	0.0
2.3704497e-07	0.0
0.0023460006	0.0
0.00044179682	0.0
0.0019267837	0.0
6.803454e-07	0.0
7.012074e-07	0.0
1.9043622e-06	0.0
7.5607823e-06	0.0
2.7526057e-06	0.0
1.2553023e-05	0.0
3.368419e-06	0.0
2.7317661e-05	0.0
0.0008847162	0.0
6.3017737e-06	0.0
2.1965563e-07	0.0
5.3366523e-07	0.0
5.6502415e-08	0.0
1.5544825e-07	0.0
0.034392867	0.0
2.5798096e-05	0.0
3.405905e-07	0.0
6.8595305e-05	0.0
1.7227423e-05	0.0
5.040081e-07	0.0
0.038569238	0.0
4.91789e-06	0.0
0.00021834458	0.0
1.7538939e-07	0.0
5.639127e-06	0.0
0.00045903446	0.0
0.018507902	0.0
1.4444639e-07	0.0
9.894355e-07	0.0
3.936128e-08	0.0
1.6188923e-06	0.0
1.656254e-05	0.0
0.000219152	0.0
2.2648748e-05	0.0
6.005949e-07	0.0
4.944023e-06	0.0
2.2393168e-07	0.0
4.654035e-05	0.0
1.953822e-07	0.0
1.6611423e-07	0.0
1.1824013e-06	0.0
2.5924444e-07	0.0
2.8208953e-07	0.0
0.001926102	0.0
1.1214097e-06	0.0
6.7664374e-08	0.0
1.1589833e-06	0.0
3.504193e-07	0.0
4.9956463e-07	0.0
1.4355351e-06	0.0
1.2333976e-06	0.0
4.789254e-06	0.0
8.315779e-08	0.0
6.4392734e-06	0.0
1.4804273e-06	0.0
3.5300224e-07	0.0
2.0576113e-07	0.0
1.5479535e-06	0.0
8.973763e-07	0.0
0.0025657164	0.0
6.6582516e-07	0.0
2.4964845e-06	0.0
8.0879937e-07	0.0
1.2865033e-05	0.0
4.3059882e-07	0.0
7.155278e-07	0.0
8.5015945e-06	0.0
2.0441446e-06	0.0
3.3953458e-07	0.0
1.7416856e-07	0.0
2.3405681e-08	0.0
9.6879e-06	0.0
5.3526214e-06	0.0
5.821112e-07	0.0
5.0695405e-07	0.0
5.1273423e-06	0.0
1.3006455e-07	0.0
2.7110482e-07	0.0
8.089415e-06	0.0
1.0118266e-06	0.0
0.0008986235	0.0
2.248942e-06	0.0
5.324784e-05	0.0
0.0008648764	0.0
6.909737e-06	0.0
9.211749e-07	0.0
9.536073e-06	0.0
5.429071e-05	0.0
1.8889365e-07	0.0
2.5923152e-06	0.0
9.6043266e-05	0.0
1.653797e-06	0.0
2.3687992e-06	0.0
3.6674015e-07	0.0
5.87538e-05	0.0
2.3122047e-06	0.0
1.4513219e-06	0.0
9.7452885e-06	0.0
0.0011150031	0.0
1.7223167e-07	0.0
6.629328e-07	0.0
5.9508988e-05	0.0
4.0107102e-07	0.0
2.0873914e-07	0.0
6.841515e-06	0.0
2.6879277e-06	0.0
2.2648668e-05	0.0
3.6717503e-07	0.0
4.033625e-06	0.0
4.427221e-06	0.0
5.772902e-07	0.0
1.6987205e-07	0.0
6.899268e-06	0.0
1.4074132e-05	0.0
9.937752e-07	0.0
2.5402085e-06	0.0
3.12933e-07	0.0
0.027646903	0.0
3.608246e-07	0.0
8.033115e-06	0.0
0.00027103763	0.0
6.4560294e-07	0.0
0.00021577538	0.0
5.079482e-07	0.0
0.0063633653	0.0
6.8522205e-08	0.0
8.792687e-08	0.0
1.9693307e-07	0.0
0.0001978306	0.0
2.1361559e-07	0.0
3.818702e-07	0.0
0.0020921633	0.0
0.0022968517	0.0
3.093244e-06	0.0
0.01063446	0.0
2.2423474e-06	0.0
3.859605e-07	0.0
4.7117615e-07	0.0
1.392998e-07	0.0
1.09082386e-07	0.0
3.8349387e-07	0.0
5.739378e-05	0.0
7.560153e-05	0.0
1.1322581e-05	0.0
0.00042520455	0.0
2.5373072e-07	0.0
6.94865e-06	0.0
0.0011641779	0.0
3.7298406e-07	0.0
4.4183525e-05	0.0
2.8686798e-06	0.0
0.00015327259	0.0
7.4122363e-07	0.0
3.3024313e-07	0.0
2.5028928e-07	0.0
3.0542772e-06	0.0
1.2493517e-06	0.0
7.311923e-07	0.0
1.162397e-06	0.0
6.366434e-07	0.0
8.956188e-06	0.0
8.541214e-07	0.0
4.138747e-06	0.0
2.1204517e-07	0.0
0.0007707909	0.0
2.8204087e-07	0.0
0.00014994241	0.0
1.7173782e-07	0.0
0.107199885	0.0
3.0687588e-06	0.0
6.536399e-06	0.0
5.7738916e-06	0.0
6.8172194e-05	0.0
2.711293e-05	0.0
0.007861166	0.0
0.60337883	0.0
0.00042988584	0.0
0.0005224801	0.0
3.157073e-06	0.0
0.050142515	0.0
0.026189536	0.0
2.0145133e-06	0.0
5.4168936e-07	0.0
0.00018362333	0.0
0.0900066	0.0
6.2244886e-05	0.0
0.15090613	0.0
1.9658951e-07	0.0
3.9886067e-06	0.0
1.1467883e-06	0.0
8.5464734e-07	0.0
5.487231e-07	0.0
0.35663438	0.0
3.869614e-07	0.0
7.4871963e-07	0.0
3.6392096e-06	0.0
3.0715804e-05	0.0
1.0241226e-06	0.0
4.393062e-06	0.0
0.0011362357	0.0
1.9384684e-07	0.0
1.7183957e-07	0.0
1.9933543e-05	0.0
0.0009363428	0.0
3.2320802e-06	0.0
6.751507e-07	0.0
3.3416265e-07	0.0
1.4026135e-07	0.0
3.8327477e-07	0.0
1.1879322e-06	0.0
0.00032829333	0.0
0.00023092578	0.0
0.00085161143	0.0
3.5218043e-05	0.0
0.19518548	0.0
7.612004e-07	0.0
3.5748795e-07	0.0
7.6760244e-07	0.0
1.0271534e-05	0.0
2.9022988e-07	0.0
4.1704544e-07	0.0
0.0001792829	0.0
0.006091528	0.0
9.848884e-06	0.0
1.6197079e-06	0.0
3.4240003e-07	0.0
2.5795509e-05	0.0
4.668861e-06	0.0
3.0263138e-07	0.0
1.0650857e-06	0.0
7.822591e-07	0.0
6.538405e-08	0.0
2.8359347e-07	0.0
0.00096252747	0.0
5.2329556e-06	0.0
1.9476058e-05	0.0
2.6350537e-07	0.0
1.8003257e-06	0.0
2.1691608e-07	0.0
7.542979e-06	0.0
1.7804071e-07	0.0
1.9902216e-06	0.0
3.986877e-06	0.0
4.544916e-07	0.0
3.0421088e-06	0.0
0.49161655	0.0
1.2986736e-05	0.0
5.31626e-05	0.0
5.6837853e-06	0.0
1.7128845e-06	0.0
3.6649315e-05	0.0
1.6544054e-06	0.0
8.211462e-05	0.0
0.0008973851	0.0
3.6546867e-06	0.0
1.5812357e-05	0.0
1.1001317e-05	0.0
0.54059577	0.0
0.00087495893	0.0
1.5939019e-06	0.0
4.397443e-05	0.0
0.00017717668	0.0
1.6100847e-06	0.0
0.000868132	0.0
9.3255685e-06	0.0
2.1977685e-06	0.0
1.6151675e-07	0.0
0.003885834	0.0
0.004004616	0.0
1.4625474e-06	0.0
0.0002910287	0.0
1.7091637e-05	0.0
7.3267444e-07	0.0
8.2431933e-07	0.0
0.0053067436	0.0
8.5789816e-07	0.0
5.239513e-05	0.0
5.542858e-06	0.0
5.59678e-07	0.0
8.4358284e-08	0.0
4.3368092e-07	0.0
5.3826563e-05	0.0
3.6562378e-06	0.0
0.0053074677	0.0
8.206334e-06	0.0
0.0002932604	0.0
6.384938e-06	0.0
7.7507923e-07	0.0
4.542885e-07	0.0
4.0240624e-07	0.0
0.00018259966	0.0
5.1553224e-07	0.0
0.00047219903	0.0
5.537431e-07	0.0
1.0614729e-06	0.0
4.5814057e-05	0.0
4.343384e-05	0.0
0.00019980132	0.0
5.5565574e-06	0.0
5.001765e-07	0.0
6.1868486e-06	0.0
5.242791e-07	0.0
7.772651e-05	0.0
0.007003774	0.0
0.07873062	0.0
4.427494e-06	0.0
0.0030592903	0.0
0.001264237	0.0
9.730089e-07	0.0
2.649895e-05	0.0
1.0123646e-06	0.0
2.6010297e-05	0.0
1.4411503e-06	0.0
0.025542913	0.0
2.9084995e-07	0.0
3.4353504e-06	0.0
4.7082995e-07	0.0
2.4460277e-07	0.0
9.731192e-07	0.0
2.7816998e-06	0.0
0.0083744	0.0
1.8510063e-05	0.0
0.00011598743	0.0
7.3950054e-05	0.0
0.00024099616	0.0
9.3675163e-07	0.0
1.1512952e-05	0.0
8.206334e-06	0.0
0.00014033935	0.0
1.0088127e-06	0.0
4.233415e-07	0.0
0.00011121644	0.0
0.17696835	0.0
3.577045e-05	0.0
2.520471e-06	0.0
2.1719093e-07	0.0
2.5149888e-07	0.0
1.5592813e-07	0.0
3.2234235e-05	0.0
1.136609e-05	0.0
1.5837849e-06	0.0
2.0081195e-06	0.0
2.4792264e-06	0.0
4.4039913e-05	0.0
0.015327471	0.0
2.3544653e-05	0.0
0.18835202	0.0
0.00024584105	0.0
1.7590127e-06	0.0
6.348788e-07	0.0
3.603222e-05	0.0
2.4514057e-07	0.0
3.0188878e-07	0.0
2.0763955e-06	0.0
8.6001404e-05	0.0
1.084115e-06	0.0
4.747429e-06	0.0
5.4954324e-07	0.0
3.2631547e-06	0.0
1.0167508e-06	0.0
0.44537374	0.0
5.464504e-07	0.0
2.6095046e-07	0.0
1.256337e-07	0.0
3.616061e-07	0.0
1.1116399e-07	0.0
4.1800263e-06	0.0
1.9956658e-05	0.0
3.3766737e-06	0.0
2.1136493e-06	0.0
1.7730865e-06	0.0
0.002439541	0.0
4.7332773e-07	0.0
0.016065408	0.0
0.018268412	0.0
0.00019704243	0.0
1.0737808e-06	0.0
1.2009445e-05	0.0
1.5140884e-05	0.0
1.5625352e-06	0.0
4.7430017e-06	0.0
3.3335493e-07	0.0
3.6345635e-05	0.0
1.0834873e-06	0.0
9.764292e-07	0.0
8.087636e-07	0.0
2.0736159e-05	0.0
4.4546937e-06	0.0
1.4457299e-06	0.0
1.8824197e-06	0.0
5.721068e-06	0.0
4.0399955e-06	0.0
8.741068e-05	0.0
0.00030886888	0.0
5.8144196e-05	0.0
0.0005878599	0.0
2.6964068e-07	0.0
2.1259527e-06	0.0
0.0021209845	0.0
9.455611e-07	0.0
1.4101553e-05	0.0
1.6843704e-07	0.0
0.00037817663	0.0
1.409043e-07	0.0
1.1080064e-05	0.0
3.87586e-06	0.0
1.5055117e-07	0.0
7.4871963e-07	0.0
1.1196295e-07	0.0
1.0102174e-05	0.0
1.3263489e-05	0.0
1.0995182e-06	0.0
0.00010872366	0.0
1.6377544e-05	0.0
0.00078481017	0.0
6.667823e-08	0.0
2.9689414e-07	0.0
3.5045982e-06	0.0
1.1149295e-06	0.0
7.828635e-07	0.0
7.756202e-05	0.0
4.6031105e-06	0.0
8.797447e-07	0.0
1.3267362e-05	0.0
3.1022726e-06	0.0
3.051866e-07	0.0
2.5425436e-06	0.0
1.6701834e-07	0.0
9.422175e-06	0.0
5.6967292e-05	0.0
1.2098927e-07	0.0
7.4675077e-06	0.0
1.7537632e-05	0.0
4.8573384e-05	0.0
0.00032228904	0.0
2.7936292e-06	0.0
2.5218864e-07	0.0
1.5317627e-06	0.0
7.2096407e-07	0.0
1.153794e-05	0.0
1.1376045e-06	0.0
5.75097e-07	0.0
9.8742206e-08	0.0
2.892957e-07	0.0
3.6547496e-07	0.0
3.4121658e-06	0.0
7.5891205e-07	0.0
1.6907492e-07	0.0
3.4469028e-07	0.0
6.5877305e-07	0.0
1.6924838e-06	0.0
2.1512364e-05	0.0
0.0030517527	0.0
0.009666835	0.0
4.2935866e-07	0.0
2.6766983e-07	0.0
2.3851757e-07	0.0
2.6346595e-06	0.0
2.1960416e-07	0.0
2.6195205e-06	0.0
8.236714e-06	0.0
8.399942e-06	0.0
2.0563261e-06	0.0
2.0842515e-06	0.0
0.0014574868	0.0
9.976099e-08	0.0
7.5395997e-06	0.0
2.464513e-06	0.0
4.13687e-07	0.0
8.538e-06	0.0
1.9464305e-07	0.0
2.616119e-05	0.0
1.3814075e-07	0.0
5.5099985e-08	0.0
4.4714564e-08	0.0
0.3244612	1.0
0.010196331	1.0
0.012339963	1.0
0.26372916	1.0
0.8768262	1.0
0.5472515	1.0
0.9840836	1.0
0.05359864	1.0
0.68664557	1.0
0.00043476556	1.0
0.22704375	1.0
0.9816591	1.0
0.85109216	1.0
3.0270272e-05	1.0
0.0004037176	1.0
0.5310258	1.0
0.2562205	1.0
0.0042666285	1.0
0.007220816	1.0
0.24816175	1.0
0.21600501	1.0
0.035328295	1.0
0.17396125	1.0
0.28684372	1.0
0.0013570272	1.0
0.108538486	1.0
0.06960454	1.0
0.5697007	1.0
0.400799	1.0
0.9476215	1.0
0.326949	1.0
0.031561986	1.0
0.08029793	1.0
1.781551e-05	1.0
0.25184909	1.0
4.96945e-05	1.0
0.09039124	1.0
0.00054446835	1.0
0.13344997	1.0
0.27557388	1.0
0.16899882	1.0
0.1717274	1.0
0.018728394	1.0
0.87102413	1.0
0.82147425	1.0
6.0562594e-05	1.0
0.003605259	1.0
0.17971765	1.0
0.0219557	1.0
0.05608025	1.0
0.18089797	1.0
0.011014961	1.0
0.9197375	1.0
0.86756843	1.0
0.34774008	1.0
0.9194601	1.0
0.78680474	1.0
0.35443923	1.0
5.3577573e-05	1.0
0.00038292698	1.0
0.16167063	1.0
0.9808561	1.0
0.112377346	1.0
0.2220776	1.0
0.0015380847	1.0
0.082937956	1.0
0.004432531	1.0
0.008780559	1.0
1.6097918e-05	1.0
5.144165e-05	1.0
0.031909827	1.0
2.1081023e-06	1.0
0.9892607	1.0
0.7621755	1.0
0.23669198	1.0
0.9114251	1.0
0.67315334	1.0
0.00031046037	1.0
0.9876855	1.0
0.0004133246	1.0
0.4377832	1.0
0.048592877	1.0
0.1184386	1.0
0.0011709115	1.0
0.93033236	1.0
0.89559215	1.0
0.74951214	1.0
0.966605	1.0
1.7869706e-05	1.0
0.06013121	1.0
0.5302493	1.0
0.9588934	1.0
0.11425831	1.0
0.9167077	1.0
3.561534e-06	1.0
0.93450135	1.0
0.12733902	1.0
0.020241357	1.0
0.011555622	1.0
3.7202866e-05	1.0
0.08700092	1.0
0.030819837	1.0
0.09620718	1.0
0.056545712	1.0
0.41125455	1.0
0.94007915	1.0
0.8887585	1.0
0.98131716	1.0
0.0819865	1.0
0.04540704	1.0
0.42924497	1.0
0.30580315	1.0
0.980221	1.0
0.93187946	1.0
0.8494744	1.0
0.96130306	1.0
0.13999744	1.0
0.0011730201	1.0
0.09025741	1.0
0.18982054	1.0
0.28181168	1.0
0.00084162486	1.0
0.68490946	1.0
0.4693141	1.0
0.21036802	1.0
0.12574323	1.0
0.9216924	1.0
0.025538404	1.0
0.0018581519	1.0
0.0002480631	1.0
0.7390422	1.0
0.004932633	1.0
0.38208267	1.0
0.5894124	1.0
0.037878316	1.0
0.034342173	1.0
0.052577514	1.0
0.89744806	1.0
0.79782003	1.0
0.974696	1.0
8.403015e-05	1.0
0.45229492	1.0
0.9382063	1.0
0.014292213	1.0
0.0015477967	1.0
0.56606805	1.0
0.00015819963	1.0
6.984095e-06	1.0
0.0017699674	1.0
0.070464306	1.0
0.5015151	1.0
0.0054817996	1.0
0.009570072	1.0
0.28478637	1.0
2.0118594e-06	1.0
6.6027256e-05	1.0
0.7942554	1.0
0.55835426	1.0
0.71906155	1.0
0.25055963	1.0
0.007017277	1.0
0.8942008	1.0
0.8001901	1.0
0.15885316	1.0
0.3195114	1.0
0.1802867	1.0
0.0007160059	1.0
0.054660957	1.0
0.73705214	1.0
0.06210624	1.0
0.17761762	1.0
0.001805681	1.0
0.0030502365	1.0
0.0001504667	1.0
0.04527062	1.0
0.9583508	1.0
0.73664707	1.0
0.000142474	1.0
0.016600393	1.0
0.8070187	1.0
0.46359053	1.0
0.363943	1.0
0.17706338	1.0
0.053724732	1.0
0.0006663068	1.0
0.3343864	1.0
0.37616625	1.0
0.31392547	1.0
0.71921223	1.0
0.9939871	1.0
0.14992891	1.0
0.6987235	1.0
0.77405703	1.0
0.23719016	1.0
0.010042719	1.0
0.77390176	1.0
0.48269778	1.0
0.0019750544	1.0
0.032993365	1.0
0.00990449	1.0
1.1557785e-05	1.0
0.4827965	1.0
0.828248	1.0
0.00021964959	1.0
7.03771e-05	1.0
0.81105006	1.0
0.79836625	1.0
0.0011400378	1.0
1.3897042e-05	1.0
0.96330804	1.0
2.5432194e-06	1.0
0.8104154	1.0
0.00060586294	1.0
0.7681775	1.0
0.8866426	1.0
0.8697777	1.0
0.41067386	1.0
0.50501305	1.0
0.3300092	1.0
0.8726105	1.0
0.0039673727	1.0
0.15921097	1.0
0.5357133	1.0
0.9064563	1.0
4.4944604e-06	1.0
0.94410545	1.0
0.057828166	1.0
0.00011251541	1.0
0.27081415	1.0
0.0005368629	1.0
0.40668508	1.0
2.7546097e-05	1.0
0.48876506	1.0
0.3885961	1.0
0.013584609	1.0
0.97356933	1.0
0.5455515	1.0
0.0059724087	1.0
0.054018747	1.0
0.6481869	1.0
0.010037719	1.0
0.3593335	1.0
0.5471543	1.0
2.535145e-05	1.0
0.7911251	1.0
0.37612247	1.0
0.11865705	1.0
0.06615707	1.0
0.0024557756	1.0
0.10054348	1.0
0.6707981	1.0
0.43227503	1.0
0.60947305	1.0
0.4302288	1.0
0.004094186	1.0
0.057210367	1.0
0.6115975	1.0
0.06827821	1.0
3.7428224e-05	1.0
6.386416e-05	1.0
0.7075152	1.0
0.70112556	1.0
2.3591216e-05	1.0
0.9480953	1.0
0.729049	1.0
6.51166e-05	1.0
0.71042556	1.0
0.00056033366	1.0
0.00035936997	1.0
7.521813e-05	1.0
0.44021797	1.0
0.20225358	1.0
0.7630159	1.0
4.177522e-05	1.0
0.4406589	1.0
1.8587793e-05	1.0
0.9409499	1.0
2.161772e-05	1.0
0.28878042	1.0
8.09235e-05	1.0
0.09239371	1.0
7.836438e-06	1.0
0.0002858495	1.0
0.08673606	1.0
0.5054395	1.0
0.042755123	1.0
0.6969407	1.0
8.5105596e-05	1.0
0.02335142	1.0
2.8217844e-06	1.0
