score	label
0.00021501351	0.0
9.618475e-06	0.0
0.2193166	0.0
4.1321327e-06	0.0
5.0047215e-06	0.0
0.00018481324	0.0
0.030002618	0.0
4.9914606e-06	0.0
0.1799085	0.0
0.109569214	0.0
9.789034e-06	0.0
1.23224045e-05	0.0
0.004013374	0.0
0.00026429482	0.0
0.13234375	0.0
0.012042272	0.0
0.0008938888	0.0
0.033427726	0.0
0.023354193	0.0
0.030765781	0.0
0.9956488	0.0
0.041784212	0.0
0.34231356	0.0
8.534895e-06	0.0
3.0481955e-05	0.0
3.0508725e-05	0.0
0.98969024	0.0
2.6463656e-05	0.0
0.0014238472	0.0
1.4502708e-05	0.0
1.0954125e-06	0.0
0.004596261	0.0
5.3365998e-06	0.0
1.2989661e-05	0.0
0.42235002	0.0
0.026112322	0.0
1.5107325e-05	0.0
1.3700038e-05	0.0
0.0006742945	0.0
1.5096196e-05	0.0
0.0012028732	0.0
3.6502126e-05	0.0
0.0003010941	0.0
0.03732228	0.0
0.20108531	0.0
0.015070169	0.0
0.8196915	0.0
9.543324e-06	0.0
1.0368173e-05	0.0
0.37230536	0.0
1.6335449e-06	0.0
6.0674043e-05	0.0
3.100188e-05	0.0
7.2757386e-05	0.0
6.476571e-05	0.0
7.2666984e-07	0.0
0.17055726	0.0
0.02886114	0.0
6.9012153e-06	0.0
5.691372e-07	0.0
0.06657931	0.0
0.0016772693	0.0
0.0016554691	0.0
0.007208632	0.0
0.0023057244	0.0
0.012937307	0.0
0.0005650589	0.0
0.2020335	0.0
0.20239638	0.0
4.1556573e-06	0.0
0.00017298188	0.0
0.113485746	0.0
2.37449e-06	0.0
0.0023511827	0.0
6.584185e-05	0.0
1.1786187e-06	0.0
0.6378547	0.0
0.005755849	0.0
0.021096025	0.0
0.13602136	0.0
0.1617514	0.0
0.28612396	0.0
4.040427e-06	0.0
0.008703168	0.0
1.0368173e-05	0.0
0.00017163921	0.0
0.1734242	0.0
1.1950162e-06	0.0
1.51624e-06	0.0
3.4742843e-05	0.0
0.0012066143	0.0
8.601815e-05	0.0
0.1372825	0.0
0.00015602104	0.0
5.947352e-06	0.0
2.1876235e-06	0.0
0.000146778	0.0
0.06555865	0.0
0.027283162	0.0
0.0017979108	0.0
3.0508725e-05	0.0
7.656872e-05	0.0
0.13234375	0.0
0.005772322	0.0
1.8497789e-05	0.0
0.46231762	0.0
0.4919447	0.0
0.00427453	0.0
4.885742e-06	0.0
4.200371e-05	0.0
5.4108145e-06	0.0
6.813325e-05	0.0
4.7674297e-05	0.0
1.5753116e-05	0.0
2.1805483e-05	0.0
0.36701065	0.0
3.3673336e-06	0.0
0.12820725	0.0
8.29142e-06	0.0
9.856466e-05	0.0
0.3333416	0.0
0.010592677	0.0
0.00024137677	0.0
0.00039795457	0.0
0.0001471031	0.0
1.5327144e-06	0.0
0.94130623	0.0
4.137554e-06	0.0
0.00036936725	0.0
0.032775886	0.0
1.3937021e-05	0.0
1.9326431e-05	0.0
0.22394092	0.0
0.0029294998	0.0
3.8029197e-05	0.0
0.060507346	0.0
0.00016744816	0.0
4.1847357e-05	0.0
0.003201653	0.0
0.042902138	0.0
9.1024785e-06	0.0
1.2313113e-05	0.0
1.6712258e-05	0.0
0.00023610365	0.0
9.1080125e-05	0.0
0.0023057244	0.0
8.106714e-06	0.0
9.743865e-07	0.0
0.0001752593	0.0
1.10309875e-05	0.0
9.350095e-07	0.0
4.7820224e-05	0.0
0.009802143	0.0
9.751325e-05	0.0
0.007091477	0.0
2.3560227e-05	0.0
0.0032604546	0.0
8.6695645e-06	0.0
6.466779e-05	0.0
0.00071435823	0.0
0.96875966	0.0
0.9320051	0.0
2.5199317e-05	0.0
0.04931229	0.0
0.0001318897	0.0
5.7642e-05	0.0
8.0884665e-06	0.0
2.4904703e-06	0.0
5.941353e-06	0.0
2.673752e-05	0.0
3.2987067e-05	0.0
0.0009401459	0.0
0.0009401459	0.0
7.5568796e-06	0.0
0.18999313	0.0
7.028642e-05	0.0
0.34839097	0.0
6.2038594e-06	0.0
0.18149655	0.0
4.7384277e-05	0.0
0.024826718	0.0
3.9761094e-06	0.0
1.3233203e-05	0.0
3.5365997e-06	0.0
2.5115853e-05	0.0
0.0085588945	0.0
0.0011310449	0.0
0.0026523094	0.0
1.9571407e-05	0.0
0.26067108	0.0
0.054156907	0.0
0.00016327217	0.0
9.8802e-06	0.0
1.7311473e-05	0.0
0.0005923297	0.0
7.4402774e-06	0.0
3.8180365e-06	0.0
0.41072464	0.0
4.528452e-06	0.0
0.1019189	0.0
7.873167e-06	0.0
9.837799e-05	0.0
3.2801367e-05	0.0
0.00079555745	0.0
0.030609015	0.0
0.0042588147	0.0
0.0002244369	0.0
0.0039349343	0.0
0.00022306682	0.0
0.005288659	0.0
8.640831e-05	0.0
0.005338469	0.0
0.23163207	0.0
0.0052587995	0.0
0.0012321838	0.0
9.4109964e-07	0.0
0.0021699462	0.0
0.00012601067	0.0
0.00020473686	0.0
0.14253615	0.0
0.0076041804	0.0
3.9497245e-06	0.0
0.011622677	0.0
0.19445555	0.0
1.0942948e-05	0.0
0.2598121	0.0
0.22482157	0.0
3.5822611e-06	0.0
0.0020933205	0.0
0.18574272	0.0
0.00025612928	0.0
0.03764708	0.0
5.8015157e-06	0.0
3.071262e-05	0.0
0.20540117	0.0
5.9524482e-05	0.0
3.628824e-05	0.0
0.46025905	0.0
0.2671269	0.0
0.058694985	0.0
8.274517e-05	0.0
0.00086982496	0.0
0.00073163735	0.0
4.6688074e-06	0.0
3.843249e-06	0.0
5.1573512e-05	0.0
0.00029996168	0.0
0.003030475	0.0
0.7971258	0.0
0.0011258526	0.0
1.2074049e-05	0.0
0.082214594	0.0
8.472468e-05	0.0
0.00010417407	0.0
0.0048536784	0.0
1.3652065e-06	0.0
2.1351534e-05	0.0
0.20457752	0.0
1.8218347e-05	0.0
3.7570449e-06	0.0
0.0067600133	0.0
0.44146276	0.0
0.004976286	0.0
9.027664e-06	0.0
8.748376e-06	0.0
0.13194528	0.0
0.02416124	0.0
0.060487848	0.0
7.363042e-06	0.0
0.0013671988	0.0
0.13763514	0.0
0.004126869	0.0
0.10848743	0.0
0.9878625	0.0
4.5343182e-05	0.0
0.9962822	0.0
0.237373	0.0
0.25712523	0.0
0.00012429984	0.0
4.3062726e-05	0.0
0.08253347	0.0
0.96151793	0.0
0.0007728059	0.0
0.39107224	0.0
1.6185357e-05	0.0
0.123368755	0.0
0.00014917483	0.0
0.00062011846	0.0
0.00021307515	0.0
0.0023892613	0.0
1.3562086e-05	0.0
4.743962e-06	0.0
1.866947e-06	0.0
0.00049766334	0.0
1.3640158e-05	0.0
0.00012611394	0.0
0.006663531	0.0
6.8406257e-06	0.0
0.008007558	0.0
0.0012521005	0.0
0.007206578	0.0
5.62033e-05	0.0
0.1866457	0.0
0.6098389	0.0
0.07537795	0.0
0.09594538	0.0
0.0002664276	0.0
0.79998064	0.0
0.0007223456	0.0
0.090701856	0.0
6.0639362e-05	0.0
0.0006029293	0.0
0.00024297372	0.0
2.9784118e-05	0.0
7.051511e-05	0.0
0.0003367343	0.0
0.111931466	0.0
0.0026413638	0.0
2.50978e-05	0.0
0.0020710148	0.0
0.21250144	0.0
0.10728015	0.0
0.00093923445	0.0
0.00013863434	0.0
0.25218382	0.0
3.180202e-05	0.0
0.09096951	0.0
1.5482656e-05	0.0
0.5412476	0.0
0.3599777	0.0
0.0015080535	0.0
0.00047695995	0.0
0.6040291	0.0
8.693854e-06	0.0
2.2139577e-05	0.0
0.016478712	0.0
7.606948e-06	0.0
0.12772635	0.0
0.0024839502	0.0
0.03116847	0.0
0.08024238	0.0
0.06988408	0.0
0.004606658	0.0
0.2709578	0.0
0.00020057241	0.0
0.5163161	0.0
1.9988416e-05	0.0
4.125917e-06	0.0
4.2442432e-05	0.0
0.77341664	0.0
0.0016742792	0.0
0.17438067	0.0
0.039721757	0.0
0.00038311476	0.0
0.00023026767	0.0
3.8695198e-05	0.0
6.1564056e-06	0.0
0.0004728136	0.0
0.012097685	0.0
0.3647564	0.0
5.9270842e-05	0.0
0.016478712	0.0
0.00056334335	0.0
4.7110156e-05	0.0
0.031095222	0.0
0.02144993	0.0
0.018768802	0.0
0.0016109803	0.0
0.002811603	0.0
0.017349198	0.0
0.0005303854	0.0
0.0042207586	0.0
8.2437386e-05	0.0
0.0004830105	0.0
0.89178526	0.0
1.8312679e-06	0.0
0.006924644	0.0
0.0011235435	0.0
1.8309123e-05	0.0
0.00022427458	0.0
0.5178981	0.0
5.2968822e-05	0.0
0.06322878	0.0
0.04273241	0.0
0.018768802	0.0
8.234843e-05	0.0
1.1733484e-05	0.0
0.0001905921	0.0
9.856345e-06	0.0
2.2234058e-06	0.0
0.021390438	0.0
0.0003213171	0.0
0.036095038	0.0
5.0832114e-06	0.0
4.061115e-05	0.0
0.1340942	0.0
0.0006581125	0.0
0.00012345657	0.0
0.0003476546	0.0
3.4616318e-05	0.0
0.0011509609	0.0
0.04503352	0.0
3.2500055e-05	0.0
6.4478714e-05	0.0
9.744701e-06	0.0
0.65982854	0.0
0.004852051	0.0
0.5775507	0.0
0.00769974	0.0
0.25313184	0.0
0.00014781377	0.0
0.00428069	0.0
9.704623e-05	0.0
0.00013213005	0.0
3.4616318e-05	0.0
0.00020342642	0.0
8.124423e-06	0.0
0.002045601	0.0
0.000354866	0.0
0.2654925	0.0
4.061115e-05	0.0
8.5661486e-05	0.0
0.0017747717	0.0
1.1726891e-05	0.0
6.5142362e-06	0.0
0.016898697	0.0
0.040923655	0.0
0.108895026	0.0
0.0077134096	0.0
0.00027583362	0.0
0.004566323	0.0
0.0005151937	0.0
8.963071e-05	0.0
0.00027466175	0.0
0.00010253904	0.0
2.4415944e-05	0.0
0.7555161	0.0
7.5447165e-06	0.0
0.030377809	0.0
0.0010688012	0.0
0.7038018	0.0
0.010509989	0.0
0.25950292	0.0
3.874865e-05	0.0
4.6943678e-05	0.0
0.43647918	0.0
0.5223566	0.0
0.059321214	0.0
0.7868104	0.0
7.5971264e-05	0.0
0.0013636457	0.0
2.6946935e-05	0.0
0.00012328486	0.0
8.325732e-06	0.0
0.0013719308	0.0
0.090433046	0.0
5.126925e-05	0.0
0.010682821	0.0
0.2418556	0.0
0.06988408	0.0
0.00022625767	0.0
0.0007739094	0.0
0.29410067	0.0
5.1935695e-05	0.0
0.23822998	0.0
1.1726891e-05	0.0
0.0630117	0.0
0.08512551	0.0
0.0017964834	0.0
4.052932e-05	0.0
0.00010754862	0.0
0.00021862928	0.0
0.006331919	0.0
3.6231347e-06	0.0
0.00049281196	0.0
0.0017833238	0.0
2.1928705e-05	0.0
0.0009100353	0.0
4.125917e-06	0.0
0.12112395	0.0
0.0018511737	0.0
0.0006599446	0.0
7.0563336e-05	0.0
4.052932e-05	0.0
0.06476667	0.0
0.0017789312	0.0
0.47236115	0.0
0.06625286	0.0
3.180202e-05	0.0
0.043135222	0.0
0.011872671	0.0
0.00032732554	0.0
0.00010961208	0.0
0.004808957	0.0
0.3647564	0.0
0.00019572912	0.0
0.00065252255	0.0
1.3964279e-05	0.0
0.00015165123	0.0
0.17942256	0.0
0.18200633	0.0
0.000106704574	0.0
4.5471785e-05	0.0
0.024940474	0.0
0.020912765	0.0
5.6472574e-05	0.0
0.66940045	0.0
0.12772635	0.0
0.0001677862	0.0
0.0001921139	0.0
0.22067073	0.0
3.5973546e-06	0.0
7.734615e-05	0.0
0.08122925	0.0
0.0028861833	0.0
0.015179442	0.0
0.022487072	0.0
0.00017349287	0.0
0.02880089	0.0
0.00030238784	0.0
1.9988416e-05	0.0
0.15911652	0.0
0.0007417833	0.0
5.5825247e-05	0.0
0.041634675	0.0
0.006331919	0.0
1.2347977e-05	0.0
0.62961733	0.0
0.0056528333	0.0
1.8066085e-06	0.0
1.23115415e-05	0.0
0.00016134554	0.0
0.0007331226	0.0
0.00013213005	0.0
0.016692212	0.0
0.0045905174	0.0
3.4616318e-05	0.0
8.162613e-05	0.0
2.666791e-05	0.0
0.0073454767	0.0
0.0015856952	0.0
0.0064037256	0.0
0.008785747	0.0
2.1928705e-05	0.0
0.014312047	0.0
0.0041338634	0.0
3.7761958e-05	0.0
3.9026618e-05	0.0
0.7868104	0.0
9.752901e-06	0.0
0.22067073	0.0
1.9988416e-05	0.0
4.6485846e-05	0.0
0.00030452185	0.0
0.026631314	0.0
1.4920702e-05	0.0
0.05014331	0.0
0.043298516	0.0
0.03056517	0.0
0.27618298	0.0
7.92291e-05	0.0
0.020543903	0.0
0.002495895	0.0
2.296702e-05	0.0
0.0008066978	0.0
0.09666641	0.0
0.0026273308	0.0
0.00067763944	0.0
4.6400855e-05	0.0
0.0017970533	0.0
0.00011761899	0.0
0.2499216	0.0
0.0016101465	0.0
0.004759527	0.0
8.124423e-06	0.0
0.0021933035	0.0
6.335868e-05	0.0
0.0005331524	0.0
0.00015716763	0.0
2.151615e-06	0.0
4.69335e-05	0.0
0.011218476	0.0
0.00013798986	0.0
0.3476483	0.0
0.041849274	0.0
0.0014491186	0.0
0.001881879	0.0
1.8015586e-05	0.0
0.0049874773	0.0
0.015552866	0.0
7.955406e-05	0.0
0.0008434004	0.0
0.053109765	0.0
0.00028562255	0.0
0.0006583584	0.0
0.00013137258	0.0
0.00030452185	0.0
0.0002208728	0.0
8.2015794e-07	0.0
0.0061821155	0.0
0.00082331727	0.0
1.8312679e-06	0.0
0.0042207586	0.0
0.0096196	0.0
0.09666641	0.0
0.034334768	0.0
0.00032860544	0.0
0.0052192966	0.0
0.0002665261	0.0
0.27491757	0.0
0.0136909755	0.0
0.00021458343	0.0
0.3881996	0.0
4.9530074e-05	0.0
0.00011018013	0.0
3.2551507e-06	0.0
0.007866957	0.0
0.122789204	0.0
1.2237025e-05	0.0
0.00075976603	0.0
0.0001515424	0.0
0.0027295784	0.0
2.9271457e-06	0.0
2.8652337e-05	0.0
0.00067763944	0.0
0.006828708	0.0
0.00013865423	0.0
0.00030217864	0.0
0.0004888681	0.0
0.0037681062	0.0
0.00012162916	0.0
0.15581553	0.0
0.0095709935	0.0
0.044725146	0.0
0.05696069	0.0
0.0046135196	0.0
3.756474e-05	0.0
5.4181128e-05	0.0
3.141982e-06	0.0
0.002859072	0.0
3.476597e-05	0.0
9.702165e-06	0.0
0.007328646	0.0
0.0003199146	0.0
0.9941184	0.0
3.317246e-06	0.0
2.7043336e-06	0.0
1.7606775e-05	0.0
0.00019303955	0.0
2.6011012e-06	0.0
0.06376888	0.0
6.752991e-05	0.0
6.724432e-07	0.0
9.630892e-07	0.0
0.090433046	0.0
0.003892886	0.0
2.2139577e-05	0.0
0.0022590153	0.0
0.0015501276	0.0
2.296702e-05	0.0
1.8303715e-05	0.0
4.1208073e-06	0.0
0.00016701758	0.0
1.70357e-05	0.0
1.0300576e-05	0.0
3.32651e-05	0.0
2.9037152e-05	0.0
0.00024328551	0.0
0.22033866	0.0
0.0018511737	0.0
0.0033330284	0.0
0.027977912	0.0
3.8223493e-06	0.0
7.5896446e-06	0.0
0.0013032709	0.0
1.5427157e-06	0.0
0.001594946	0.0
5.5495457e-06	0.0
0.0001921139	0.0
0.00041368787	0.0
4.080844e-06	0.0
7.551418e-06	0.0
3.440519e-05	0.0
3.2224063e-05	0.0
0.0009059892	0.0
0.0011953401	0.0
0.0010682568	0.0
2.296702e-05	0.0
0.0011953401	0.0
0.10170358	0.0
0.0002079289	0.0
0.16566332	0.0
4.5429402e-05	0.0
5.457528e-06	0.0
2.3912344e-06	0.0
0.00084839604	0.0
0.33019456	0.0
0.09872978	0.0
0.0020710148	0.0
8.838118e-05	0.0
0.0043240185	0.0
0.035968073	0.0
0.11143535	0.0
5.6988065e-05	0.0
0.000167255	0.0
0.004463587	0.0
2.336677e-06	0.0
0.005477321	0.0
0.5861309	0.0
0.0019934387	0.0
0.0010769783	0.0
0.0005902205	0.0
0.0011544147	0.0
0.014127797	0.0
0.057263803	0.0
0.00077389315	0.0
0.17896	0.0
0.008270473	0.0
0.06800647	0.0
0.0001397886	0.0
0.39221835	0.0
3.3517306e-05	0.0
1.3804698e-06	0.0
5.8229593e-06	0.0
3.075615e-06	0.0
0.0001221711	0.0
1.833378e-06	0.0
0.00071224605	0.0
0.063348286	0.0
7.632345e-05	0.0
0.01823027	0.0
7.568059e-06	0.0
8.331186e-05	0.0
0.0042478614	0.0
0.039867997	0.0
0.0053666597	0.0
4.2674574e-06	0.0
0.07300331	0.0
0.22033866	0.0
0.012454015	0.0
0.0040968372	0.0
0.00022291116	0.0
0.18524373	0.0
1.3694448e-05	0.0
6.504043e-05	0.0
0.023288727	0.0
1.3988903e-05	0.0
0.005797527	0.0
0.00074836024	0.0
8.067681e-05	0.0
0.0003924848	0.0
2.6979198e-05	0.0
0.30423757	0.0
8.653686e-05	0.0
0.65982854	0.0
0.0039899815	0.0
6.171331e-07	0.0
0.0026458174	0.0
0.00012415096	0.0
0.03470523	0.0
6.235166e-05	0.0
0.00046795738	0.0
1.1370066e-05	0.0
0.00019572912	0.0
0.00021480834	0.0
0.00015333456	0.0
0.022704653	0.0
0.003916345	0.0
0.0006211192	0.0
0.00026629688	0.0
0.0013832294	0.0
0.0104420055	0.0
5.367857e-05	0.0
8.406999e-06	0.0
0.047841948	0.0
0.0021562122	0.0
9.174671e-06	0.0
0.0001069849	0.0
0.0063428194	0.0
9.916222e-06	0.0
0.058944967	0.0
0.026148755	0.0
0.00024620668	0.0
5.2936517e-05	0.0
0.004590807	0.0
1.2765046e-05	0.0
0.0011577262	0.0
1.4966386e-05	0.0
0.00040860526	0.0
1.1408272e-05	0.0
0.00041332887	0.0
0.026631251	0.0
2.5860447e-05	0.0
0.00065252255	0.0
0.009028817	0.0
2.3043982e-05	0.0
0.00014827533	0.0
0.006802931	0.0
4.812996e-05	0.0
0.0003990599	0.0
0.015752058	0.0
5.9599523e-05	0.0
0.00012315466	0.0
0.3445836	0.0
3.2500055e-05	0.0
0.70717835	0.0
0.0005192424	0.0
2.2474966e-05	0.0
0.0003172807	0.0
0.0009809633	0.0
0.0006239168	0.0
0.0018504787	0.0
1.7469594e-05	0.0
0.024151523	0.0
0.001264695	0.0
2.099314e-05	0.0
0.0008434004	0.0
0.65484446	0.0
0.00096036465	0.0
8.963071e-05	0.0
0.009079374	0.0
0.00072533207	0.0
0.41743752	0.0
0.000604706	0.0
0.0013832294	0.0
0.017242532	0.0
0.0003187893	0.0
0.14797835	0.0
1.7533335e-05	0.0
9.0289126e-05	0.0
0.03303061	0.0
1.6257258e-05	0.0
0.001382125	0.0
0.0075764926	0.0
0.038752586	0.0
4.7083568e-06	0.0
0.3573997	0.0
5.9270842e-05	0.0
2.5860447e-05	0.0
0.5716167	0.0
0.46404034	0.0
0.003909413	0.0
1.869518e-05	0.0
0.04963069	0.0
0.043610808	0.0
8.650247e-06	0.0
5.9543887e-05	0.0
2.2474966e-05	0.0
4.823606e-05	0.0
0.00026367916	0.0
0.005580153	0.0
1.2703782e-07	0.0
7.650668e-07	0.0
2.6438245e-05	0.0
1.3372998e-05	0.0
0.0006570354	0.0
4.5707384e-07	0.0
6.7246623e-07	0.0
4.7016397e-06	0.0
1.4194378e-06	0.0
1.2250284e-07	0.0
8.998437e-05	0.0
0.00016223	0.0
1.3457032e-05	0.0
0.0046615847	0.0
5.4805074e-05	0.0
5.2817027e-06	0.0
2.6196958e-06	0.0
9.943125e-05	0.0
4.143481e-06	0.0
3.3845688e-06	0.0
7.684304e-07	0.0
0.0004255564	0.0
7.521727e-06	0.0
1.1068071e-06	0.0
0.00027743692	0.0
8.328528e-07	0.0
0.0012224327	0.0
1.484543e-05	0.0
5.8314845e-06	0.0
1.0431539e-06	0.0
6.670914e-07	0.0
0.00032522643	0.0
0.8557231	0.0
1.0170864e-06	0.0
0.00019572208	0.0
0.0008237089	0.0
3.529912e-06	0.0
0.022628117	0.0
2.0273576e-06	0.0
2.550233e-07	0.0
1.7865828e-07	0.0
2.4819562e-06	0.0
1.1814594e-06	0.0
2.3831201e-07	0.0
0.00037167728	0.0
2.9548459e-05	0.0
1.260007e-05	0.0
7.425258e-06	0.0
1.3664006e-05	0.0
4.5032775e-06	0.0
0.0030501985	0.0
1.1477832e-06	0.0
0.0052392283	0.0
3.398951e-05	0.0
0.00013922717	0.0
1.9866388e-06	0.0
5.180448e-07	0.0
1.395062e-06	0.0
6.0754433e-06	0.0
4.5017532e-05	0.0
0.40223485	0.0
9.919282e-06	0.0
1.7621354e-06	0.0
3.906751e-05	0.0
0.04307445	0.0
6.5464774e-06	0.0
1.3655146e-07	0.0
1.6046537e-06	0.0
6.4358625e-07	0.0
1.7102298e-07	0.0
2.081807e-06	0.0
0.0004200704	0.0
0.00010001074	0.0
9.623872e-06	0.0
8.462743e-07	0.0
0.18354262	0.0
1.7203036e-05	0.0
4.1702983e-06	0.0
1.3958379e-07	0.0
1.5642189e-06	0.0
1.4656514e-06	0.0
2.2278733e-05	0.0
5.482097e-07	0.0
8.21901e-06	0.0
1.1932952e-05	0.0
4.4385356e-06	0.0
2.393015e-06	0.0
3.5361037e-07	0.0
3.881682e-05	0.0
5.675658e-08	0.0
3.6148654e-07	0.0
2.566148e-06	0.0
2.4714538e-07	0.0
9.347302e-05	0.0
8.766372e-07	0.0
0.00010806851	0.0
1.8009713e-06	0.0
5.2791773e-07	0.0
2.9681148e-06	0.0
1.4089532e-07	0.0
8.849369e-07	0.0
3.1456018e-06	0.0
8.022891e-08	0.0
1.9371842e-06	0.0
1.224026e-07	0.0
2.802843e-07	0.0
1.9963487e-07	0.0
3.8984226e-07	0.0
0.011063516	0.0
0.0005775162	0.0
6.0255934e-07	0.0
1.494515e-07	0.0
2.6443235e-05	0.0
2.3186317e-06	0.0
4.3099142e-05	0.0
1.198491e-05	0.0
1.3927739e-07	0.0
5.8453247e-06	0.0
5.3846713e-07	0.0
1.3363145e-06	0.0
0.00014635836	0.0
2.5506674e-07	0.0
2.4332996e-05	0.0
6.611931e-07	0.0
8.1470615e-05	0.0
3.8910757e-06	0.0
4.184288e-06	0.0
5.570093e-07	0.0
4.82572e-06	0.0
3.4456835e-07	0.0
6.414429e-07	0.0
0.00018644228	0.0
0.00021906174	0.0
1.4577462e-06	0.0
5.2734244e-08	0.0
6.049973e-07	0.0
2.2868274e-07	0.0
1.6342421e-05	0.0
5.3123035e-06	0.0
6.0269126e-06	0.0
0.6261983	0.0
4.4827553e-05	0.0
0.0005392718	0.0
0.004812791	0.0
2.7692197e-06	0.0
0.102453135	0.0
0.00023325118	0.0
0.00054702145	0.0
0.002116691	0.0
5.066907e-06	0.0
0.0007088014	0.0
8.015185e-06	0.0
4.6470127e-06	0.0
2.787076e-06	0.0
4.083788e-05	0.0
3.1212483e-06	0.0
7.2608265e-05	0.0
8.21515e-05	0.0
0.00692034	0.0
0.0031216533	0.0
0.02669189	0.0
7.490249e-05	0.0
0.0035610273	0.0
9.591073e-06	0.0
4.0344722e-07	0.0
1.1625305e-05	0.0
0.0012616244	0.0
0.00046913046	0.0
1.5236819e-06	0.0
4.1851814e-05	0.0
0.3546649	0.0
5.2417437e-07	0.0
0.23439156	0.0
3.7408934e-06	0.0
6.773475e-08	0.0
4.672772e-06	0.0
0.001037946	0.0
2.580709e-07	0.0
3.5537988e-07	0.0
1.6045269e-07	0.0
0.00039358344	0.0
8.4069725e-05	0.0
4.071107e-06	0.0
0.0004262314	0.0
2.0362743e-06	0.0
3.6342444e-06	0.0
0.0001009902	0.0
0.000694553	0.0
8.8334296e-08	0.0
6.1007836e-07	0.0
1.5144223e-06	0.0
1.16623674e-07	0.0
4.1971316e-06	0.0
8.06522e-07	0.0
0.00049271324	0.0
5.0976905e-06	0.0
3.5478433e-07	0.0
1.8394345e-05	0.0
0.0095058875	0.0
0.011269259	0.0
4.8970072e-05	0.0
1.5037655e-05	0.0
1.5264784e-05	0.0
1.6431984e-07	0.0
1.6803055e-07	0.0
1.5768024e-05	0.0
2.6003002e-07	0.0
2.8558877e-06	0.0
5.17095e-06	0.0
3.0188798e-07	0.0
3.810561e-05	0.0
0.0026422637	0.0
2.4551716e-06	0.0
1.3848195e-07	0.0
3.277156e-06	0.0
2.3019324e-05	0.0
8.3792355e-07	0.0
0.00026760768	0.0
3.2180226e-06	0.0
4.6022466e-05	0.0
3.845722e-06	0.0
2.7039612e-06	0.0
4.101457e-07	0.0
0.00075158343	0.0
0.4832554	0.0
3.9793344e-05	0.0
2.6689036e-06	0.0
0.000244845	0.0
0.0002462879	0.0
1.2002103e-05	0.0
2.8907525e-08	0.0
9.522917e-08	0.0
0.0047221496	0.0
0.00042388416	0.0
2.342916e-05	0.0
3.5739165e-05	0.0
8.075602e-07	0.0
8.459136e-06	0.0
1.821428e-06	0.0
4.6567284e-06	0.0
4.5161487e-06	0.0
0.00013892354	0.0
0.00056538655	0.0
1.6188851e-06	0.0
8.2505505e-07	0.0
6.5796553e-07	0.0
3.0002357e-07	0.0
0.00039580427	0.0
2.7712367e-05	0.0
1.5440788e-05	0.0
3.9582086e-05	0.0
0.00018348514	0.0
1.8800037e-06	0.0
2.4883534e-06	0.0
1.9168785e-05	0.0
0.0010773207	0.0
0.008373735	0.0
0.03619319	0.0
1.6871715e-07	0.0
1.8240498e-05	0.0
0.00031518444	0.0
2.1436172e-05	0.0
1.4035126e-05	0.0
1.7824856e-07	0.0
2.4034147e-05	0.0
4.1224644e-06	0.0
6.0987935e-07	0.0
1.9216755e-07	0.0
1.2307409e-07	0.0
4.1043986e-06	0.0
0.00013028325	0.0
0.00018828645	0.0
0.12837139	0.0
1.5242271e-07	0.0
3.1174935e-07	0.0
5.4805074e-05	0.0
1.7875595e-07	0.0
3.3456057e-05	0.0
7.4290665e-06	0.0
2.7063326e-05	0.0
4.8306232e-05	0.0
0.033713266	0.0
8.872557e-07	0.0
3.0628773e-06	0.0
8.440208e-07	0.0
1.2744495e-07	0.0
5.1603786e-07	0.0
1.4896793e-05	0.0
3.3863216e-06	0.0
4.0284107e-05	0.0
4.6313826e-07	0.0
2.3872235e-06	0.0
2.9148381e-07	0.0
6.1134995e-07	0.0
2.1688695e-05	0.0
0.060487848	0.0
3.760453e-05	0.0
0.00013535372	0.0
3.6080928e-07	0.0
3.3693706e-07	0.0
0.00010975797	0.0
5.234016e-08	0.0
1.725093e-05	0.0
1.1539825e-05	0.0
3.859495e-05	0.0
0.00010801725	0.0
0.0004769732	0.0
6.834233e-06	0.0
6.242026e-06	0.0
1.2421206e-07	0.0
5.184631e-07	0.0
3.6428064e-06	0.0
3.5670696e-06	0.0
2.5250707e-05	0.0
1.0538986e-06	0.0
2.1384456e-07	0.0
3.31383e-07	0.0
3.0609623e-05	0.0
0.00012271624	0.0
0.0029194234	0.0
2.7396427e-06	0.0
9.1669936e-05	0.0
3.2697423e-07	0.0
0.000442918	0.0
5.3955728e-06	0.0
1.05592164e-07	0.0
6.230783e-05	0.0
6.241527e-07	0.0
2.0874813e-06	0.0
0.00073746825	0.0
0.0005673858	0.0
2.5244404e-05	0.0
8.413499e-06	0.0
6.8741074e-06	0.0
5.568389e-06	0.0
0.0013308965	0.0
6.448943e-06	0.0
1.3820871e-06	0.0
2.0248713e-06	0.0
3.250685e-06	0.0
0.009198838	0.0
3.1134816e-05	0.0
6.3930855e-08	0.0
0.077567615	0.0
2.3424757e-07	0.0
1.4974306e-05	0.0
1.3872152e-06	0.0
3.232634e-06	0.0
7.656184e-06	0.0
2.932949e-07	0.0
8.2251056e-08	0.0
2.6410345e-07	0.0
2.0630253e-07	0.0
1.7033044e-06	0.0
5.658773e-07	0.0
1.518211e-05	0.0
7.636886e-07	0.0
1.57068e-06	0.0
1.736809e-07	0.0
8.3142515e-07	0.0
1.0991115e-05	0.0
1.1749082e-05	0.0
1.6449147e-06	0.0
1.0407556e-07	0.0
2.1093466e-07	0.0
3.7996572e-06	0.0
0.005401863	0.0
3.2619738e-07	0.0
7.301803e-06	0.0
0.00016755404	0.0
2.6660593e-05	0.0
2.8679777e-05	0.0
1.618139e-06	0.0
3.5299804e-06	0.0
1.0512995e-05	0.0
2.3880846e-06	0.0
1.3282605e-07	0.0
1.7513317e-05	0.0
2.8923575e-06	0.0
0.0022334754	0.0
1.1758451e-06	0.0
5.0677703e-05	0.0
2.9844867e-05	0.0
3.956557e-06	0.0
2.9266237e-06	0.0
7.606915e-08	0.0
3.7241287e-07	0.0
2.6259045e-07	0.0
1.506338e-07	0.0
0.005261233	0.0
0.0036766685	0.0
0.0058582267	0.0
5.337811e-07	0.0
4.986687e-07	0.0
1.4286232e-06	0.0
2.353018e-06	0.0
1.5262257e-06	0.0
1.0828876e-05	0.0
2.1584353e-06	0.0
4.8927614e-06	0.0
7.694451e-06	0.0
7.5664043e-06	0.0
1.9077757e-07	0.0
3.3887935e-07	0.0
2.7300302e-08	0.0
8.447854e-08	0.0
0.050978065	0.0
0.00011068842	0.0
4.835644e-07	0.0
0.00018747392	0.0
5.1199618e-06	0.0
2.0121183e-07	0.0
0.0012395212	0.0
2.3790997e-05	0.0
0.0014514511	0.0
6.8158164e-07	0.0
9.6946615e-06	0.0
2.1595597e-05	0.0
0.0016093397	0.0
3.502446e-07	0.0
1.3296103e-06	0.0
5.50968e-08	0.0
1.4410214e-06	0.0
4.195996e-05	0.0
0.00014531423	0.0
6.7155875e-06	0.0
1.1215438e-06	0.0
5.5693076e-06	0.0
3.5893692e-07	0.0
0.00012293311	0.0
1.3813477e-07	0.0
1.1738052e-07	0.0
2.9945143e-06	0.0
2.8334202e-07	0.0
1.9220953e-07	0.0
0.0002811101	0.0
3.4231934e-07	0.0
1.3915977e-07	0.0
2.5058137e-06	0.0
6.225537e-07	0.0
5.252675e-07	0.0
6.459586e-07	0.0
6.1916177e-07	0.0
1.8092118e-05	0.0
8.411936e-08	0.0
5.7394673e-06	0.0
1.2176205e-06	0.0
1.5846585e-07	0.0
1.3244244e-07	0.0
2.8377872e-06	0.0
4.866095e-07	0.0
0.008031498	0.0
2.1656147e-06	0.0
7.134908e-06	0.0
1.5612821e-06	0.0
9.606824e-06	0.0
2.1815777e-07	0.0
7.318068e-07	0.0
5.856249e-06	0.0
9.40108e-07	0.0
1.2825511e-07	0.0
3.2796686e-07	0.0
2.7400603e-08	0.0
4.972419e-06	0.0
3.2473454e-05	0.0
9.295551e-07	0.0
8.861828e-07	0.0
7.1651266e-05	0.0
9.783586e-08	0.0
3.1970126e-07	0.0
4.7313447e-06	0.0
4.3700052e-07	0.0
3.4137687e-05	0.0
1.0116759e-06	0.0
1.895178e-05	0.0
0.00042619006	0.0
1.2355427e-05	0.0
3.4696893e-07	0.0
4.210824e-06	0.0
4.54036e-05	0.0
3.032862e-07	0.0
5.768226e-06	0.0
0.00057342066	0.0
1.7462638e-06	0.0
1.9582055e-06	0.0
2.6253338e-07	0.0
1.908065e-05	0.0
4.7310286e-06	0.0
8.8292984e-07	0.0
3.385716e-06	0.0
0.00021350493	0.0
2.1515082e-07	0.0
1.4838774e-06	0.0
0.017479252	0.0
3.4226738e-07	0.0
1.12192325e-07	0.0
6.819431e-06	0.0
8.9933244e-05	0.0
0.00042453996	0.0
5.393861e-06	0.0
3.2814078e-06	0.0
1.4885106e-05	0.0
3.1346949e-07	0.0
1.6004499e-07	0.0
1.9768047e-06	0.0
6.347159e-05	0.0
8.255668e-07	0.0
4.2240868e-06	0.0
1.2144868e-07	0.0
0.0070740483	0.0
2.1508151e-07	0.0
1.51627655e-05	0.0
0.0017944373	0.0
8.4865405e-07	0.0
0.002679028	0.0
9.5354136e-07	0.0
0.011523007	0.0
3.227422e-08	0.0
5.4212745e-08	0.0
8.8191875e-08	0.0
0.00014572701	0.0
2.7825186e-07	0.0
1.7644503e-07	0.0
0.0005273414	0.0
0.003863182	0.0
4.917046e-06	0.0
0.0024818305	0.0
1.7897939e-06	0.0
2.1818296e-07	0.0
3.5370692e-07	0.0
1.9203456e-07	0.0
2.438904e-07	0.0
8.7698584e-07	0.0
1.5348509e-05	0.0
0.0001023741	0.0
5.2896003e-06	0.0
0.006813742	0.0
3.8097903e-07	0.0
2.5839363e-06	0.0
7.0625814e-05	0.0
1.4013834e-07	0.0
2.4265177e-05	0.0
7.087269e-07	0.0
7.2484516e-05	0.0
7.37451e-07	0.0
1.4196912e-07	0.0
1.15379144e-07	0.0
3.4192221e-06	0.0
7.516102e-07	0.0
1.0385513e-06	0.0
1.8165091e-06	0.0
1.4391914e-06	0.0
0.00028293228	0.0
1.0525827e-06	0.0
1.7449058e-06	0.0
1.2762555e-07	0.0
0.00019697833	0.0
1.259235e-07	0.0
4.7007657e-06	0.0
5.0040565e-08	0.0
0.0053530913	0.0
7.998214e-07	0.0
4.7482695e-06	0.0
1.0128206e-05	0.0
4.248311e-05	0.0
1.8463388e-05	0.0
0.009272463	0.0
0.6530732	0.0
0.00012376654	0.0
0.00023473054	0.0
1.6299249e-06	0.0
0.013953461	0.0
0.0017167096	0.0
9.37046e-07	0.0
7.015975e-07	0.0
0.00024310595	0.0
0.11611823	0.0
7.372468e-05	0.0
0.13609625	0.0
1.3995486e-07	0.0
2.742753e-06	0.0
8.437385e-07	0.0
1.8372028e-06	0.0
3.5281616e-07	0.0
0.28543139	0.0
2.8347566e-07	0.0
2.0247205e-06	0.0
1.2052094e-05	0.0
0.00021721472	0.0
5.6374137e-07	0.0
4.8677757e-06	0.0
0.000942025	0.0
3.99782e-07	0.0
5.247153e-07	0.0
3.263127e-05	0.0
0.0013467962	0.0
1.6516204e-05	0.0
8.0523245e-07	0.0
3.5135426e-07	0.0
7.049724e-08	0.0
4.0117916e-07	0.0
1.6017653e-06	0.0
0.00019950361	0.0
7.643103e-05	0.0
0.09342578	0.0
2.1444965e-05	0.0
0.055014588	0.0
6.0074376e-06	0.0
2.1049204e-06	0.0
6.128726e-06	0.0
0.0005529266	0.0
5.52282e-07	0.0
9.861275e-07	0.0
2.442663e-05	0.0
0.0019420559	0.0
7.042259e-06	0.0
9.1663424e-07	0.0
2.8983897e-07	0.0
1.9086181e-05	0.0
6.5198738e-06	0.0
4.892717e-07	0.0
1.3752463e-06	0.0
8.278947e-06	0.0
6.111258e-08	0.0
9.1978546e-07	0.0
0.0002682141	0.0
1.3823424e-06	0.0
3.925092e-06	0.0
3.1895388e-07	0.0
3.7618336e-06	0.0
3.1921442e-07	0.0
4.577148e-06	0.0
2.1856998e-07	0.0
3.1903812e-06	0.0
1.3012854e-06	0.0
2.1769006e-07	0.0
1.5278929e-06	0.0
0.49755555	0.0
0.0002761408	0.0
0.00011417085	0.0
7.231214e-06	0.0
1.537921e-06	0.0
9.367381e-05	0.0
2.1535375e-06	0.0
0.00010966913	0.0
0.0011027454	0.0
2.9571177e-06	0.0
2.1059015e-05	0.0
5.545549e-06	0.0
0.5778223	0.0
0.0009847088	0.0
1.0351893e-06	0.0
1.711581e-05	0.0
5.2425563e-05	0.0
1.8584504e-06	0.0
0.00089829846	0.0
1.4531294e-05	0.0
1.3145768e-06	0.0
2.4221197e-06	0.0
0.34998155	0.0
0.58275694	0.0
1.0297179e-06	0.0
0.00023333596	0.0
7.3917668e-06	0.0
1.382812e-06	0.0
8.8236146e-07	0.0
0.06927287	0.0
1.0487831e-06	0.0
0.00043283004	0.0
2.6133246e-06	0.0
2.410224e-07	0.0
1.1228815e-07	0.0
3.5450617e-07	0.0
5.9920358e-06	0.0
6.1006253e-06	0.0
0.0033765368	0.0
9.038285e-06	0.0
6.202351e-05	0.0
4.3512823e-06	0.0
5.9734106e-07	0.0
2.5767915e-07	0.0
2.5050358e-07	0.0
8.939253e-05	0.0
1.8134277e-07	0.0
0.00012253586	0.0
1.4660126e-06	0.0
5.723725e-06	0.0
9.720122e-05	0.0
7.481637e-05	0.0
0.0001261643	0.0
2.527644e-06	0.0
8.269494e-07	0.0
1.449272e-05	0.0
5.738266e-07	0.0
2.770162e-05	0.0
0.00017428443	0.0
0.035021048	0.0
1.5769838e-06	0.0
0.00012782187	0.0
0.00035477383	0.0
7.164926e-07	0.0
0.00015934838	0.0
1.1827608e-06	0.0
1.2202042e-05	0.0
1.2043043e-06	0.0
0.008016193	0.0
8.186362e-07	0.0
1.4690553e-06	0.0
5.8743257e-07	0.0
1.9770805e-07	0.0
9.4698356e-07	0.0
9.463028e-07	0.0
0.11841122	0.0
2.2667029e-05	0.0
3.035579e-05	0.0
4.6013614e-05	0.0
2.0493186e-05	0.0
6.627138e-07	0.0
2.0214582e-06	0.0
9.038285e-06	0.0
0.00013132898	0.0
1.7836288e-06	0.0
6.825141e-07	0.0
6.0036517e-05	0.0
0.15190895	0.0
1.1024079e-05	0.0
3.1128964e-06	0.0
2.568209e-07	0.0
4.1474982e-07	0.0
1.846782e-07	0.0
6.2345236e-05	0.0
1.8758115e-05	0.0
7.4617225e-07	0.0
1.4470897e-06	0.0
2.0338955e-06	0.0
0.00011103023	0.0
0.0029275054	0.0
6.808537e-06	0.0
0.05670605	0.0
7.902025e-06	0.0
6.172533e-07	0.0
6.087195e-07	0.0
7.510617e-06	0.0
3.857402e-07	0.0
1.6523127e-07	0.0
8.303251e-07	0.0
3.96431e-05	0.0
4.105318e-07	0.0
1.3572774e-06	0.0
2.7062202e-07	0.0
1.1394726e-06	0.0
4.0692484e-07	0.0
0.15149795	0.0
2.254864e-07	0.0
2.8259942e-07	0.0
2.7766174e-07	0.0
2.3373433e-07	0.0
6.552517e-08	0.0
1.0604475e-06	0.0
1.8970576e-06	0.0
1.5705955e-06	0.0
1.7242454e-06	0.0
2.9416046e-07	0.0
0.000354043	0.0
4.188274e-07	0.0
0.005205318	0.0
0.0021480236	0.0
1.4624212e-05	0.0
7.0645615e-07	0.0
1.6659584e-05	0.0
0.0001404416	0.0
3.3332763e-06	0.0
0.00013525633	0.0
1.0913008e-06	0.0
0.0014657982	0.0
2.748945e-06	0.0
9.1976034e-07	0.0
7.414753e-07	0.0
7.884643e-06	0.0
1.9275355e-06	0.0
2.668962e-06	0.0
4.0748295e-05	0.0
3.1530293e-05	0.0
1.1341625e-06	0.0
2.2147366e-05	0.0
0.00029633305	0.0
0.000101331134	0.0
0.04164192	0.0
6.4176123e-07	0.0
5.4842653e-06	0.0
0.008894413	0.0
9.541739e-06	0.0
2.3190473e-06	0.0
7.127934e-08	0.0
0.00019181338	0.0
6.984563e-08	0.0
2.5406894e-06	0.0
5.585658e-07	0.0
1.5167583e-07	0.0
2.0247205e-06	0.0
1.462852e-07	0.0
6.370566e-06	0.0
0.00039406717	0.0
5.82791e-06	0.0
3.0322274e-06	0.0
2.6542693e-06	0.0
3.555011e-05	0.0
3.564979e-08	0.0
1.2951492e-07	0.0
4.7054564e-07	0.0
5.3147807e-07	0.0
5.093496e-07	0.0
1.6182943e-05	0.0
2.6784712e-06	0.0
6.1701775e-07	0.0
3.0582394e-06	0.0
2.0211764e-05	0.0
6.0227785e-07	0.0
1.0582559e-05	0.0
1.1630788e-07	0.0
2.0783368e-06	0.0
1.510653e-05	0.0
9.810658e-08	0.0
1.4253759e-06	0.0
5.342749e-06	0.0
6.2125437e-06	0.0
0.00018107954	0.0
5.2159608e-06	0.0
1.5467857e-07	0.0
1.0821337e-06	0.0
3.1591347e-07	0.0
2.4915134e-06	0.0
2.1640196e-06	0.0
9.668516e-07	0.0
8.140512e-08	0.0
1.6346465e-07	0.0
2.2163975e-07	0.0
3.6008005e-06	0.0
7.2915867e-07	0.0
1.7143773e-07	0.0
1.6820574e-07	0.0
2.8135085e-07	0.0
7.345632e-07	0.0
7.147476e-06	0.0
0.0003060114	0.0
0.00070115825	0.0
5.039207e-07	0.0
2.631733e-07	0.0
1.805888e-07	0.0
5.470672e-07	0.0
8.752179e-08	0.0
1.0057072e-06	0.0
8.285292e-06	0.0
3.1167685e-05	0.0
2.6415307e-06	0.0
5.2031332e-06	0.0
0.0010635332	0.0
3.1055922e-07	0.0
4.4467747e-06	0.0
1.70965e-06	0.0
4.5775025e-07	0.0
2.1136825e-06	0.0
1.0557859e-07	0.0
1.2605397e-05	0.0
1.3799342e-07	0.0
5.4041e-08	0.0
3.0657343e-08	0.0
0.88702315	1.0
0.0006259123	1.0
0.01174653	1.0
0.38841563	1.0
0.94438237	1.0
0.9642007	1.0
0.9978024	1.0
0.031142626	1.0
0.8926961	1.0
0.0013232417	1.0
0.07173408	1.0
0.9910925	1.0
0.9724029	1.0
6.7122287e-06	1.0
0.013127173	1.0
0.9111244	1.0
0.21365884	1.0
0.0070850006	1.0
0.00062734395	1.0
0.2500135	1.0
0.11789762	1.0
0.33402905	1.0
0.2069578	1.0
0.80505496	1.0
0.4707664	1.0
0.16145472	1.0
0.16288348	1.0
0.77581006	1.0
0.1491471	1.0
0.8361103	1.0
0.36097118	1.0
0.061441045	1.0
0.05587771	1.0
1.1179602e-05	1.0
0.568638	1.0
4.7939986e-05	1.0
0.14947192	1.0
0.0009178663	1.0
0.06251157	1.0
0.19175406	1.0
0.20528033	1.0
0.040809505	1.0
0.08780547	1.0
0.98363894	1.0
0.7037658	1.0
5.4099568e-05	1.0
0.008628485	1.0
0.6381256	1.0
0.21771803	1.0
0.49623987	1.0
0.47965413	1.0
0.03508563	1.0
0.9896984	1.0
0.9876732	1.0
0.84043056	1.0
0.9263399	1.0
0.70412415	1.0
0.43360844	1.0
9.015715e-06	1.0
0.08337164	1.0
0.79520315	1.0
0.9805843	1.0
0.03189924	1.0
0.12225951	1.0
0.00018636654	1.0
0.2115917	1.0
0.34026396	1.0
0.031798106	1.0
5.2056505e-05	1.0
5.870252e-05	1.0
0.062700324	1.0
0.0002541428	1.0
0.99444294	1.0
0.94339764	1.0
0.21587141	1.0
0.98143816	1.0
0.9353491	1.0
0.0005234013	1.0
0.9982855	1.0
0.0003340507	1.0
0.72767794	1.0
0.122670345	1.0
0.2502534	1.0
0.0016942384	1.0
0.9959721	1.0
0.9896351	1.0
0.7362545	1.0
0.9962428	1.0
2.5749008e-05	1.0
0.6924144	1.0
0.93738884	1.0
0.99059767	1.0
0.69377774	1.0
0.9946561	1.0
0.03027989	1.0
0.92887986	1.0
0.36933646	1.0
0.048670292	1.0
0.116782546	1.0
0.001084747	1.0
0.1045401	1.0
0.04906906	1.0
0.85833263	1.0
0.003602457	1.0
0.24754758	1.0
0.92627335	1.0
0.78818434	1.0
0.97008467	1.0
0.05976668	1.0
0.017975993	1.0
0.7083895	1.0
0.04474032	1.0
0.86939305	1.0
0.951824	1.0
0.19327234	1.0
0.8915052	1.0
0.18815319	1.0
0.00011995619	1.0
0.11782751	1.0
0.6029189	1.0
0.06125763	1.0
0.00022523904	1.0
0.4109908	1.0
0.8047654	1.0
0.07053411	1.0
0.87175554	1.0
0.39216536	1.0
0.4119639	1.0
0.00016861204	1.0
5.6638914e-05	1.0
0.9681221	1.0
0.014929938	1.0
0.35347143	1.0
0.20655237	1.0
0.45390484	1.0
0.013211963	1.0
0.17413478	1.0
0.6537919	1.0
0.87439424	1.0
0.9486866	1.0
0.014720474	1.0
0.4549571	1.0
0.8325266	1.0
0.28801176	1.0
0.0034599358	1.0
0.3326734	1.0
0.0007546228	1.0
1.1383697e-05	1.0
0.009095778	1.0
0.027666379	1.0
0.612773	1.0
0.036082104	1.0
0.0010289211	1.0
0.14150967	1.0
0.00020627282	1.0
0.00036182094	1.0
0.94425946	1.0
0.16640821	1.0
0.37115872	1.0
0.033266522	1.0
0.0031817984	1.0
0.6972725	1.0
0.7726551	1.0
0.26341715	1.0
0.13756286	1.0
0.8367468	1.0
0.18011764	1.0
0.16202782	1.0
0.55979514	1.0
0.0593396	1.0
0.102691405	1.0
0.19468963	1.0
0.09779326	1.0
3.888824e-05	1.0
0.008381836	1.0
0.96021825	1.0
0.70840913	1.0
0.0016682843	1.0
0.009293456	1.0
0.8312015	1.0
0.3199734	1.0
0.085585274	1.0
0.10017481	1.0
0.0059524504	1.0
0.020291632	1.0
0.05583417	1.0
0.10357682	1.0
0.040017318	1.0
0.8676141	1.0
0.98997015	1.0
0.122299396	1.0
0.46748582	1.0
0.79191625	1.0
0.38233736	1.0
0.027499393	1.0
0.591973	1.0
0.882593	1.0
0.0011183379	1.0
0.119535185	1.0
0.0025358067	1.0
2.0469251e-05	1.0
0.27860472	1.0
0.6151416	1.0
0.010500288	1.0
0.0013372203	1.0
0.45659152	1.0
0.9477195	1.0
0.0026989975	1.0
6.797299e-05	1.0
0.8647386	1.0
7.182972e-06	1.0
0.9377538	1.0
0.0006799523	1.0
0.9350794	1.0
0.9029177	1.0
0.71279037	1.0
0.21324824	1.0
0.5712155	1.0
0.28570148	1.0
0.51932526	1.0
0.28167525	1.0
0.33102846	1.0
0.61847603	1.0
0.91198206	1.0
2.7850358e-06	1.0
0.9164793	1.0
0.08194238	1.0
2.51096e-05	1.0
0.108863465	1.0
0.0023986355	1.0
0.17345521	1.0
1.3758215e-05	1.0
0.25516042	1.0
0.10446315	1.0
0.008160093	1.0
0.97747916	1.0
0.5758854	1.0
0.0017475089	1.0
0.028708315	1.0
0.10620449	1.0
0.0055509373	1.0
0.10253835	1.0
0.7519322	1.0
8.193126e-05	1.0
0.7934805	1.0
0.8556735	1.0
0.0008788964	1.0
0.00076488405	1.0
0.00477756	1.0
0.032554183	1.0
0.3269082	1.0
0.07273551	1.0
0.5010336	1.0
0.0109338155	1.0
0.0012025067	1.0
0.06599482	1.0
0.676078	1.0
0.2694949	1.0
0.007343718	1.0
0.004486504	1.0
0.3546166	1.0
0.8417911	1.0
5.1508832e-05	1.0
0.9593326	1.0
0.47416535	1.0
0.00017910551	1.0
0.29151255	1.0
0.03165754	1.0
0.025085703	1.0
0.00010693936	1.0
0.15183733	1.0
0.14026915	1.0
0.80593854	1.0
0.040307146	1.0
0.21712363	1.0
0.00012615029	1.0
0.9567224	1.0
0.000104327824	1.0
0.2206109	1.0
0.0005920127	1.0
0.040557444	1.0
2.6502103e-05	1.0
0.0024316073	1.0
0.055942196	1.0
0.22694719	1.0
0.046411503	1.0
0.79503906	1.0
0.0024135353	1.0
0.0013176593	1.0
6.372235e-05	1.0
