score	label
0.0008603704	0.0
2.4810233e-05	0.0
9.273687e-05	0.0
9.768836e-05	0.0
0.2449142	0.0
0.300562	0.0
3.7897714e-06	0.0
3.521414e-06	0.0
1.116585e-05	0.0
0.66840786	0.0
0.00014154584	0.0
5.0309077e-06	0.0
0.00018294374	0.0
8.802607e-05	0.0
2.6522363e-05	0.0
0.000104568775	0.0
4.155974e-06	0.0
4.130038e-05	0.0
3.3204142e-06	0.0
1.1440284e-05	0.0
5.6106087e-06	0.0
0.006165424	0.0
2.3874456e-05	0.0
0.00017052345	0.0
0.00024334116	0.0
1.1097878e-06	0.0
0.9869246	0.0
8.90529e-05	0.0
3.5664148e-06	0.0
4.1670934e-05	0.0
0.00022346019	0.0
3.5971532e-06	0.0
0.107059896	0.0
0.0021786762	0.0
0.0025949988	0.0
0.00071780715	0.0
0.0012404136	0.0
0.0024232473	0.0
0.00028239397	0.0
7.237922e-06	0.0
5.640979e-05	0.0
0.5535583	0.0
1.6828935e-05	0.0
0.033069264	0.0
0.00012399489	0.0
0.004341843	0.0
0.031875517	0.0
0.017373031	0.0
1.00972e-05	0.0
0.027613908	0.0
0.00018641783	0.0
0.00062802905	0.0
4.475397e-05	0.0
4.859079e-05	0.0
0.0003028987	0.0
9.960636e-05	0.0
0.035320967	0.0
0.008647235	0.0
0.89600575	0.0
0.00063984416	0.0
0.00032431248	0.0
5.112048e-06	0.0
6.114459e-05	0.0
4.998051e-05	0.0
0.0032360037	0.0
3.0209665e-05	0.0
0.005443812	0.0
0.029646028	0.0
0.00022514272	0.0
8.538044e-06	0.0
9.290287e-06	0.0
3.67063e-05	0.0
0.11384388	0.0
0.0030850638	0.0
0.0010089028	0.0
0.001337662	0.0
3.9207996e-05	0.0
0.00053977745	0.0
0.0002370439	0.0
7.333503e-05	0.0
0.05392961	0.0
3.867553e-06	0.0
1.0360085e-05	0.0
0.0047173323	0.0
0.003333176	0.0
0.000112429996	0.0
0.00012290978	0.0
0.00064825424	0.0
3.4734474e-06	0.0
2.4726357e-06	0.0
3.4883692e-06	0.0
0.009422026	0.0
8.608315e-06	0.0
0.00064732146	0.0
0.00015319772	0.0
7.403127e-06	0.0
0.03844468	0.0
1.4731406e-05	0.0
0.00023862995	0.0
0.00012556282	0.0
0.006979772	0.0
5.823576e-06	0.0
8.469331e-06	0.0
1.1118735e-05	0.0
0.0022858349	0.0
0.000391792	0.0
0.0041923784	0.0
0.0023936462	0.0
0.061951634	0.0
5.367372e-05	0.0
0.107059896	0.0
2.8996471e-06	0.0
4.3628398e-07	0.0
2.3499867e-06	0.0
0.0013452412	0.0
0.8727874	0.0
7.1120894e-06	0.0
0.010976101	0.0
0.6564616	0.0
0.00095885916	0.0
6.902311e-05	0.0
0.00069292885	0.0
0.00017711811	0.0
1.7618037e-05	0.0
2.3819928e-05	0.0
0.0003114529	0.0
1.0798194e-05	0.0
3.9322003e-06	0.0
3.3892647e-06	0.0
1.6259279e-05	0.0
2.4096178e-05	0.0
0.00016284663	0.0
0.0014331219	0.0
5.4720087e-05	0.0
0.00041875133	0.0
2.9099162e-06	0.0
0.10851109	0.0
4.4164135e-05	0.0
1.5969339e-05	0.0
0.0013336272	0.0
0.031085214	0.0
1.2000789e-06	0.0
1.4659072e-07	0.0
3.264672e-06	0.0
1.9868214e-07	0.0
1.0337791e-05	0.0
6.101308e-07	0.0
3.0280341e-06	0.0
9.994542e-05	0.0
1.07447595e-05	0.0
0.0018896873	0.0
5.626425e-05	0.0
4.2844013e-06	0.0
4.315075e-06	0.0
5.8203168e-05	0.0
9.886901e-06	0.0
4.2786215e-07	0.0
0.00075330416	0.0
1.2444822e-07	0.0
2.1367558e-07	0.0
1.2931926e-06	0.0
1.3571096e-07	0.0
4.8244365e-06	0.0
1.4519693e-06	0.0
2.2032232e-07	0.0
9.288959e-07	0.0
3.3909128e-06	0.0
0.00013320034	0.0
2.7340758e-07	0.0
1.3587745e-06	0.0
9.3002893e-07	0.0
0.00015574392	0.0
3.290405e-06	0.0
3.1517532e-06	0.0
1.2612301e-06	0.0
5.4504413e-05	0.0
1.7990087e-05	0.0
6.569588e-06	0.0
3.0516092e-06	0.0
1.798817e-05	0.0
2.0160773e-05	0.0
8.527283e-07	0.0
9.7376005e-06	0.0
3.7946987e-07	0.0
8.989897e-07	0.0
1.5796292e-06	0.0
1.780674e-07	0.0
1.5287102e-07	0.0
4.6317592e-07	0.0
2.9255414e-06	0.0
4.0500979e-07	0.0
1.7464384e-07	0.0
1.2736845e-06	0.0
5.1731105e-05	0.0
1.03287475e-05	0.0
8.282614e-06	0.0
1.7663109e-06	0.0
8.6935506e-07	0.0
7.974028e-07	0.0
8.094095e-07	0.0
5.6338826e-07	0.0
2.815723e-06	0.0
0.00019315303	0.0
7.036977e-05	0.0
9.449297e-07	0.0
5.220837e-07	0.0
1.4618111e-05	0.0
0.0029633646	0.0
1.3530819e-05	0.0
9.712757e-07	0.0
7.693802e-06	0.0
4.0414957e-06	0.0
3.2056596e-05	0.0
5.9290937e-06	0.0
8.770391e-06	0.0
1.1379767e-06	0.0
7.3868097e-07	0.0
8.825746e-06	0.0
4.05422e-05	0.0
1.0040791e-06	0.0
0.00020628965	0.0
7.246257e-06	0.0
1.0273189e-05	0.0
6.907111e-05	0.0
7.8374185e-05	0.0
0.008440393	0.0
0.0054332796	0.0
2.2720622e-05	0.0
2.8962102e-06	0.0
5.3673786e-05	0.0
7.5934436e-06	0.0
0.0029123432	0.0
3.4703025e-05	0.0
8.630711e-06	0.0
0.0002479716	0.0
0.0019187414	0.0
2.9085097e-06	0.0
3.3728816e-06	0.0
6.2087356e-06	0.0
0.004139567	0.0
6.914558e-08	0.0
5.7382204e-07	0.0
1.4846751e-05	0.0
0.2562294	0.0
3.0459157e-06	0.0
9.4449234e-07	0.0
8.039995e-06	0.0
2.659254e-06	0.0
6.7669476e-05	0.0
9.0008945e-07	0.0
1.6832643e-06	0.0
2.394043e-07	0.0
6.1771226e-07	0.0
7.2256006e-07	0.0
6.9411186e-07	0.0
4.1901112e-07	0.0
2.093351e-07	0.0
0.00014503472	0.0
8.691944e-05	0.0
0.38518092	0.0
0.5319504	0.0
0.6271664	0.0
8.209126e-06	0.0
2.5186764e-05	0.0
0.00018857408	0.0
7.3436727e-06	0.0
1.950205e-06	0.0
9.670533e-07	0.0
0.0016120557	0.0
4.765289e-06	0.0
9.905197e-07	0.0
6.488215e-05	0.0
0.21723528	0.0
5.6014094e-05	0.0
0.00027469415	0.0
2.1095182e-05	0.0
1.5093156e-07	0.0
2.3998152e-06	0.0
9.454025e-06	0.0
7.21393e-06	0.0
3.5299374e-07	0.0
0.09402958	1.0
0.11185201	1.0
0.64900535	1.0
0.7671241	1.0
0.8453903	1.0
0.11742586	1.0
0.00039218934	1.0
0.04763179	1.0
0.52349514	1.0
0.043395594	1.0
0.017886488	1.0
0.0008926621	1.0
0.046615154	1.0
0.2593018	1.0
0.7678967	1.0
0.00014830405	1.0
0.614414	1.0
0.033603705	1.0
0.32685262	1.0
0.030840516	1.0
0.0046622525	1.0
0.010787427	1.0
0.48409453	1.0
0.02209126	1.0
0.09608081	1.0
0.09670098	1.0
0.34905377	1.0
0.5229127	1.0
0.02756971	1.0
0.03597503	1.0
0.059856534	1.0
0.7579872	1.0
0.22474961	1.0
0.35562766	1.0
0.11324447	1.0
0.37751842	1.0
0.0071197147	1.0
2.0065534e-06	1.0
0.19254038	1.0
0.96172184	1.0
0.5529344	1.0
0.2810098	1.0
0.04909641	1.0
0.004161623	1.0
0.08784967	1.0
4.1097468e-05	1.0
0.00070710015	1.0
